29 985727
146 157574
108 889795
242 512717
60 399933
135 563657
109 110670
94 394793
109 876894
186 343904
54 962652
169 139773
43 777150
97 143595
149 596479
187 650688
112 815569
24 371249
207 659223
137 576125
161 749410
13 882232
176 185073
211 80423
157 247053
4 141360
44 68652
225 285651
182 257928
185 171664
248 171941
33 447803
4 329704
145 53577
160 887561
199 817885
111 321053
246 219385
211 425289
102 561747
115 708320
118 85575
80 14592
50 230846
77 501707
184 13947
247 989952
151 717921
46 701116
149 607263
96 948587
190 637251
37 111709
45 349184
97 360045
164 882811
167 20142
37 956266
215 620796
151 738886
87 25885
103 435324
236 143801
141 235523
50 871080
3 185712
251 972435
206 298741
123 132921
14 697214
64 83925
42 480430
93 633948
229 265496
50 514675
137 660903
111 431615
176 613866
31 469793
102 821521
227 691227
107 552576
171 660970
1 848821
1 396351
135 847701
249 172072
27 521171
78 702243
2 621834
230 292407
34 125165
236 58647
223 567978
184 877980
1 425027
111 397237
35 531624
203 72160
121 853690
99 409140
220 565161
224 13978
149 817938
47 532685
68 486589
215 60282
138 906777
142 477156
191 418238
119 793808
154 804142
224 510563
62 914041
201 951352
209 749571
64 543349
247 972808
197 69854
210 432687
43 308198
143 644761
111 796547
49 424151
96 985775
137 186097
71 795910
250 46642
147 567610
178 536911
143 53755
241 876892
162 286871
213 768033
159 26679
64 547254
140 986257
58 73031
46 874849
160 57078
46 539489
58 955523
198 727056
78 710296
164 533068
187 753271
103 931184
151 421788
236 567759
197 835504
246 499024
175 751191
143 788082
99 547115
27 662701
121 319425
164 219322
16 727242
144 487663
196 417959
142 361439
4 956963
122 824845
205 589369
19 533042
154 500710
157 927848
144 87456
101 864681
244 65537
188 255570
184 360724
11 877239
69 199226
198 787873
39 872030
96 451898
19 619645
90 251905
8 593075
21 828969
223 196238
120 922308
22 746949
130 701228
63 876381
62 464958
29 221139
65 743826
256 733625
127 149824
7 334525
32 570006
115 247614
240 688644
48 133907
11 706591
137 863174
230 743067
159 229199
65 141863
191 258911
155 827441
103 870456
70 658532
134 399098
135 312702
237 409519
133 417292
213 341405
75 875089
238 743046
79 55175
130 832047
211 308088
61 674159
53 632294
193 439090
139 661924
133 63267
46 117200
121 490390
27 783940
111 237464
237 112175
151 154296
152 835398
41 166998
28 976259
185 21526
67 465938
204 207727
182 628336
21 299433
196 587575
172 183243
180 269029
211 37100
117 735489
161 526678
119 687055
37 498705
210 251638
97 711850
204 450459
61 837974
240 189470
96 49870
256 494669
31 632597
208 567469
168 249470
225 174847
20 455379
256 497281
65 985926
