437 564366
26 602234
309 181482
256 540208
10 379890
95 448592
358 173247
18 64144
410 931126
354 689570
433 585183
338 703127
26 583601
31 70553
297 543776
415 735431
458 25055
55 485372
259 776993
61 2514
42 724359
339 988817
195 559162
86 612527
120 125401
251 110607
104 790245
55 716930
116 35126
239 606690
278 897216
107 975456
425 182257
445 183118
346 587421
231 948306
31 998281
456 411616
106 2586
306 205479
441 660290
44 520586
489 724578
360 132266
156 54025
506 223202
215 872220
362 324924
295 531479
431 411854
200 558702
460 75572
119 597597
51 189211
503 112085
336 548971
130 68567
418 489206
111 150150
368 566003
166 142188
318 65385
474 345149
128 163205
335 71964
139 827188
429 243503
63 477706
399 275805
109 389200
393 66704
410 550570
211 572634
2 319575
499 556005
168 359093
395 796108
245 229856
325 220333
38 158239
173 942330
425 879586
420 875627
226 934571
303 271035
232 429522
198 623076
458 436751
128 705019
395 171573
124 348397
359 619236
217 757243
462 134896
27 279184
451 655948
14 679811
135 843298
454 166271
134 398824
358 354555
7 12051
414 733424
428 413316
135 870184
354 160361
110 451507
246 622065
233 413580
477 751946
443 388468
199 678182
353 258679
77 808370
477 113114
332 100779
498 354082
59 907574
485 413350
270 194830
502 796726
450 722217
77 630852
393 458990
452 254046
511 548494
447 408552
50 734312
197 514274
456 263821
396 334087
390 162017
396 536848
506 11946
14 933843
37 923614
218 803309
430 753669
475 950079
380 584344
157 698695
272 963919
132 737198
230 940813
233 25764
287 418128
506 785714
298 494316
466 748649
228 156286
52 260783
507 134638
70 554977
325 651685
36 315529
197 738556
413 663729
155 64674
372 24424
407 719251
163 340185
213 693608
243 421914
1 153614
63 613224
474 63220
483 832597
477 190329
299 965592
5 829941
153 124694
464 174815
234 94404
191 634802
10 925004
241 321882
57 294946
23 752335
47 478346
268 531905
283 211471
156 545502
47 306486
496 574989
131 549198
173 93462
99 84280
98 332779
420 153428
464 118254
240 695209
76 977390
323 329106
156 73668
410 840237
52 453013
58 816087
449 981020
247 847837
458 275315
119 562153
3 795713
180 746897
300 347937
41 929907
337 522915
404 49691
253 459563
140 766980
283 671451
149 964493
250 764094
148 4377
243 99331
443 186810
38 477483
332 193638
137 130120
397 624376
49 661654
383 675455
295 497017
357 957462
16 247915
349 270474
137 922684
397 455566
239 769885
17 728289
466 475096
257 553911
303 529291
106 264752
325 14408
117 823236
427 319874
248 617702
193 665836
53 147997
433 502820
127 939671
245 690630
314 210363
267 348197
105 845568
361 77965
82 946809
9 950985
506 902991
53 591689
299 895521
274 461705
54 862423
304 598987
189 186620
472 135167
310 829038
279 476912
363 923740
222 964184
201 371971
250 455959
46 266308
448 628882
401 85207
110 10084
174 687268
211 541575
82 996903
437 188741
107 571061
386 631035
452 66265
286 560982
285 477199
481 885140
280 467457
420 457362
326 724690
342 884742
483 123676
0 215404
488 675841
482 413014
258 715771
32 797357
483 706104
121 574546
164 41503
408 25020
367 559258
276 315417
77 430917
443 98419
347 653331
409 993802
452 772484
81 887693
511 187194
149 590049
135 426723
317 198677
434 441255
210 628160
74 135737
450 755809
444 120941
239 417286
74 274519
427 16081
109 277867
364 506109
233 123048
483 2135
90 248520
36 301818
205 692121
114 813832
219 239686
142 825357
363 296754
101 968229
431 450171
254 907371
460 529278
32 857197
406 336454
502 11999
213 155488
389 243950
223 980753
259 846333
470 517775
113 195629
12 339121
228 399037
149 289626
162 817831
339 216043
178 992053
303 622288
434 4634
402 694578
448 790019
92 887788
158 89880
90 858218
454 356261
352 596712
195 185637
10 423294
101 925386
327 509727
275 37544
484 831215
114 36424
47 639657
99 231679
305 310895
44 375756
435 228538
344 48095
273 369997
490 266311
77 237137
434 576846
310 540467
75 804053
103 487022
32 202279
70 571745
301 680448
223 103337
452 830863
42 298734
79 366969
302 465942
273 544183
84 836682
328 910774
429 471943
223 720533
308 413542
357 16127
296 799317
122 897569
59 252402
373 28121
322 183053
85 322623
362 674906
190 245642
64 754542
98 990297
412 361669
149 2067
451 735289
18 942729
407 35587
54 255344
127 879618
354 533718
236 988773
15 258396
126 634127
298 705233
118 331402
185 925440
405 504138
479 597767
424 972908
444 927881
319 917581
263 91261
471 732651
115 36379
300 799618
184 257966
506 665205
70 527692
8 968861
477 573571
124 705850
18 780321
68 347537
49 537057
66 313990
156 450013
372 314872
245 169358
310 174261
402 962528
140 996475
282 398042
247 821261
240 164369
449 415677
313 977558
2 878181
128 670440
129 731044
121 834299
362 183246
252 39952
237 165467
493 817827
206 893218
123 804148
267 283791
198 396598
215 3157
216 366629
16 848356
220 896376
232 841128
412 193343
27 51136
114 524327
167 709016
492 121187
164 190232
507 857270
30 533453
432 858072
203 910043
105 934042
414 617145
335 3961
19 250247
444 173199
480 359136
343 623532
151 157089
177 265734
134 778676
212 8105
162 565141
296 586863
30 358869
290 707967
166 321198
32 404355
226 875395
105 568678
422 774320
211 618791
467 164709
366 888658
354 596692
245 605196
409 417900
281 917949
360 262878
253 263339
282 207234
508 207139
455 757226
335 360586
415 974548
128 616541
261 727966
95 464958
486 767237
324 702961
156 189714
147 13901
132 52113
323 992979
159 48600
166 656488
223 90451
274 897107
