72 507200
110 9209
64 397484
113 861675
31 941046
105 771778
1 347674
71 495413
9 858631
39 375053
61 113379
19 873893
115 890073
7 706279
13 580577
1 537467
112 737076
106 999926
114 8745
55 82662
113 185202
31 695203
78 131165
32 214916
48 619854
80 686835
9 247313
41 477718
73 27775
3 344446
73 233544
73 200676
62 394233
92 120375
41 786210
85 470374
35 58261
105 874989
70 383836
26 60873
44 977295
109 239006
76 81921
108 898731
14 579140
47 547001
99 800182
67 950493
81 611383
75 933511
49 930351
35 681689
8 376561
78 458941
79 886954
112 853239
118 716805
93 556094
127 876043
118 616608
15 631788
69 901966
127 599042
55 786802
105 854669
111 951561
94 558979
29 828557
114 137783
126 937830
67 93166
56 734080
8 135081
58 694704
38 388837
32 358234
110 645148
22 666584
87 260844
124 598415
0 127537
8 746721
22 360424
39 523880
59 417795
9 893353
50 92392
45 215892
18 913089
72 222701
118 440364
6 230039
74 25617
88 709062
89 169386
19 690108
70 422336
124 530498
106 951012
116 764702
107 158130
121 376226
80 737083
102 491555
122 904043
124 15692
56 936475
56 829084
35 661123
8 94161
100 90428
108 410979
1 372446
99 692870
125 744139
26 377001
77 833487
124 929117
99 7631
25 927145
25 249368
69 693771
112 22207
98 952483
98 430151
74 337346
102 714495
62 391595
