2269 868051
7981 786385
2379 275177
2505 973461
6356 161817
156 703583
3289 132838
8187 964969
7088 373485
7391 713822
1693 415391
5739 39485
3960 773396
3709 650455
7592 418717
8064 372065
6650 9426
6646 575776
5963 484961
2395 739493
354 419445
787 912296
5912 432773
7119 581082
6100 37908
6420 679154
3083 697403
7975 562750
1081 27487
497 499352
4592 927686
5906 598990
430 717342
5572 860067
3413 130576
2940 992877
3570 428886
4047 77648
2160 562739
851 968498
1205 982622
192 740817
76 81000
1536 877331
225 74438
3200 108757
5534 880334
5788 618920
1612 252758
335 246047
1625 233999
2980 291477
5126 216399
5341 316811
4031 132477
984 648651
5286 561911
8087 749972
2351 636826
7192 489463
7854 716708
342 339886
5036 521045
265 530904
7576 904264
282 142575
8023 312336
6506 8424
2397 616238
1680 716442
5939 445284
3678 131933
1119 126481
3157 4011
2083 305964
3022 964971
2125 278482
34 489222
4344 517040
2292 999712
7132 628086
1410 938511
7719 110485
6422 523839
5445 896055
5480 308680
3265 148455
5554 483669
1100 983025
5730 813365
6079 236721
3943 669317
5748 109710
2088 965498
8165 771179
5594 167544
6361 559678
4253 761919
1251 911804
5369 174571
3506 756814
754 152121
6576 140581
4485 845673
7822 223538
4425 15245
2380 131238
5258 634284
3507 280558
7362 881232
1813 165913
6934 32977
5943 956212
2904 567108
2282 835724
7486 304337
4070 550305
2827 67035
1393 444657
3598 234668
8071 694398
1003 758642
1004 869120
2699 117875
2134 772231
5203 939948
5405 944775
3030 243376
4456 454379
3054 244136
2336 792561
3879 190891
3238 165095
2961 703941
2250 613153
5491 642134
3846 967199
3097 603138
4880 458688
4298 127308
4407 795797
518 775047
4211 908570
7838 404190
2713 372979
4753 144598
4529 689438
7021 964598
5624 190082
4911 73099
1716 94856
6748 879813
8005 857128
112 539161
2086 503476
3490 168052
4373 128986
7274 687805
6350 576021
5763 78691
6891 264307
1342 413140
5827 604254
3445 414468
3490 602389
2897 952162
383 982697
1069 311968
6262 939905
6962 822132
2545 690931
7693 674713
2143 754862
4393 67974
7745 582595
7645 563873
5348 967663
914 115973
3484 272010
3290 983068
2025 783737
5576 518290
4101 585326
6188 304980
6878 577201
3933 326911
7597 683130
635 661145
4316 140911
7750 498213
4838 835868
2365 378943
2897 323692
7044 687304
4268 685790
1087 513368
3336 191771
3332 602394
7748 511278
1133 364504
6657 945062
2552 126479
6394 198778
5217 971261
6254 977173
1484 142748
383 414121
706 126980
1457 71789
5368 5115
3437 941639
1932 625336
3135 886373
447 443355
6965 68984
6113 493839
3858 823114
1420 337568
6342 879118
1 280117
5821 741330
5869 350545
2315 58455
3594 914643
3267 432564
2131 80516
2519 345279
4870 232093
1356 885234
2685 186588
6100 488683
5379 912837
7427 934880
7684 347992
1340 515920
6303 419784
4228 521863
7725 28791
7736 617342
2995 544125
6674 618433
6122 865236
6763 438916
3081 667762
391 97497
5488 267928
7087 451237
1348 871640
2174 44573
6666 784357
4019 27427
35 202282
6618 306157
912 849145
6044 21471
6611 447822
5905 682510
4383 445063
4478 896593
7595 530131
3247 218604
2647 205202
6587 55677
5493 688078
3122 771598
1839 367806
6135 662603
4362 653527
7453 74628
4031 169010
2468 375191
4041 692487
5025 582566
1983 270390
337 464592
5725 472931
6785 553147
4440 525737
2715 59493
2414 15029
7782 525961
4309 527075
6006 399208
3286 214162
6099 411026
5104 898457
1203 99762
1706 672582
6235 303590
6165 765459
6948 536770
3887 579603
517 620886
292 153039
3629 718174
7335 670222
7938 850715
5567 701499
2146 90975
5005 726704
4233 202390
6548 19012
7383 525497
3793 230909
7107 923420
6453 743001
452 874237
8158 583400
6661 74944
4482 313272
6319 444961
5112 985451
3678 687034
4716 152763
1578 588230
1495 474093
6191 560907
3300 342378
4891 780529
5768 100276
4935 657163
7863 418631
227 975731
6690 738434
2239 694652
4934 293770
7044 727542
6018 147846
1245 274228
8043 651986
264 759429
2018 814771
3216 710581
2578 219234
6745 672449
773 387110
1676 32457
4578 873995
7203 400939
730 727436
812 343375
7641 802965
6306 235915
3617 167691
3146 342448
1779 235096
3902 533703
4199 584671
3641 611406
243 559403
7584 291337
566 339456
7634 623727
6486 690741
4589 563423
3138 353014
844 903146
3714 587652
4359 213993
2496 284368
6316 975881
991 930546
6133 336207
4679 109526
6785 449183
5300 200362
3597 54437
4503 252219
4582 497351
1179 305738
7476 548
3493 801073
3429 431661
4432 902144
7561 314760
6516 110125
5186 299078
1327 451089
4491 75541
3682 906883
6715 710787
2006 285033
1381 183101
7333 226151
3347 35832
7458 299805
3340 678580
3424 342172
3217 50792
695 206071
5600 16518
4428 904351
830 79099
4321 544689
1617 152016
1139 267456
2643 27796
376 959339
5108 83056
4627 305665
6612 569813
2281 711059
2256 9542
4184 39980
2083 415666
2008 70266
6250 724455
3601 814053
4907 749223
1564 108905
780 283101
2638 462371
6288 536380
6576 176944
7291 557344
8127 7022
1433 184028
6659 962509
2741 117769
1156 235806
5957 588247
5287 737156
3410 647143
6541 548300
6324 50108
1017 17303
5689 900995
3729 605927
2695 37661
2166 429198
4078 712184
8010 48143
2885 530884
1552 787749
121 462573
6874 455369
7025 585277
3983 817224
2322 872279
1714 849784
3361 979794
55 549956
1518 967249
3339 216780
7810 729601
4507 836952
2208 33187
7709 976132
2233 485049
4315 555119
7770 749500
7582 413516
836 712264
7731 816607
7519 439842
6638 632793
6040 379126
701 126614
5583 868468
2719 291102
6565 931708
2038 271168
5908 626839
5488 606940
1123 671419
7186 954369
413 680744
4425 463408
6202 854871
2108 257115
8164 732367
5162 740847
1278 360715
5575 988291
5643 161380
4984 621092
7118 348481
6183 69341
5008 692412
1626 243989
1457 648581
691 377370
4131 457171
1523 84693
5253 346878
3119 253435
7413 866127
5690 437662
4611 977300
4938 865728
1315 965054
5062 38717
4896 956439
7869 514455
14 764111
5198 615200
2326 21949
7436 916066
7141 707371
1585 972269
1915 870185
2227 527051
4132 494031
104 65395
3840 877977
6724 625948
6860 790051
4640 554743
5528 397504
1578 195527
347 499571
2652 49756
7700 19638
7452 429451
5710 122502
3128 620214
5132 470374
7350 220505
174 395191
8064 381202
859 79534
256 83846
3950 511410
5701 902517
1509 874451
730 770218
1005 518487
6298 869050
6734 981304
4696 260140
7126 105303
5135 641797
4565 833668
548 4441
2016 98826
7260 196261
4440 668373
7442 623771
6769 107658
5208 428165
1800 594848
2501 590364
6302 651408
7599 15810
4406 761604
1339 432159
7451 795921
2244 966622
4453 581068
2851 661755
4130 773601
4539 778143
230 466821
8064 963683
1664 976666
7172 30181
5234 518352
6626 116038
1137 830738
2857 139069
3909 718426
1564 302632
5556 599743
5570 685298
7549 553315
7581 264542
835 101759
3896 446857
1265 630462
3160 465817
7912 516603
2627 733206
7972 939985
461 896897
1450 465147
6529 690844
7246 175153
2425 925304
336 262113
1365 282614
867 76236
4987 466822
7893 94763
4064 402477
6363 427220
8146 616437
1588 898953
4579 687882
7458 907043
7178 601899
2138 307054
3375 200029
5466 737436
1512 214613
3177 91790
2757 336096
3306 739129
1257 826594
4548 756310
7813 314312
6457 869393
5198 518615
3037 421681
2755 183154
4691 709507
5810 149611
5135 686688
5551 41551
2693 133387
1419 862487
2273 728412
6541 169221
3006 31854
4130 572188
70 574699
6304 633347
3826 419563
1825 923702
2114 756604
6730 53279
6656 119922
2988 327033
8139 152136
4865 798153
1630 403624
3316 958251
7570 921569
4352 666892
526 967411
2238 18857
5256 574854
1294 886029
6941 255210
5004 710816
22 697926
6956 481841
6111 677947
8086 519587
4595 465611
7214 908449
6426 655917
376 557468
7705 17605
7707 421535
3731 401277
3021 908362
2028 178274
4461 493438
2207 715614
3412 896295
506 75757
7888 698293
6618 688
271 684718
4347 271682
3422 657955
1012 408537
2160 609361
2266 723805
6337 162561
3716 790974
6023 513017
5466 29931
4672 966141
3893 781391
3781 715879
4811 467900
34 375836
722 442972
4551 176569
1741 658162
3225 497871
6276 80498
6264 141881
2697 282928
155 240541
3669 895352
5301 694808
2308 38092
2393 233555
7724 640603
4271 684937
2053 514609
471 581472
7919 948675
7538 425934
3019 537021
7000 223924
2170 297820
4116 165694
5444 389694
2379 483549
7991 551358
3046 978455
2115 694907
3078 32914
7544 324777
418 257177
1177 469695
6376 219381
5077 627605
4860 262777
6865 501487
6205 942033
6504 398647
6487 30027
3684 592148
3395 834169
2624 297234
7664 834449
2272 605840
7589 523525
5276 983752
4661 962273
4570 38475
524 538178
2135 971036
5901 915995
1004 331972
2109 634932
4945 26640
3254 993711
1078 601303
1794 494274
987 696154
8085 981156
2363 791866
5469 471731
3164 571114
3090 280907
1852 644478
5027 331252
5961 631174
653 376069
6091 41128
1870 973016
3093 55145
7938 331453
6995 487092
6684 753816
7708 650561
4819 147845
6089 685052
3255 857752
6373 563256
3141 689876
7251 67732
7410 199645
1269 497928
4999 136153
7481 559096
1848 726971
7582 555827
7950 703411
6890 61914
8 748290
6047 837042
3219 188953
3833 318287
83 878737
7138 216007
5841 55958
7624 184052
609 377842
1857 53348
3849 502265
4106 301211
7986 716175
722 517156
1477 962480
5591 277791
2791 465300
837 499525
6562 855206
84 822122
3081 46864
533 496382
5574 280040
4138 252171
3732 126620
5017 285187
2987 533603
6277 454948
4897 543577
1224 263747
2830 193789
7929 589144
4017 978829
7442 402387
3473 184733
916 53455
6618 218912
4238 275465
6235 193193
7243 295818
8151 956724
4386 651036
1046 673817
5779 776249
3333 893089
7452 819001
3520 228202
7402 998227
5693 747622
5112 61359
499 281241
2309 793452
2731 244557
4692 915384
647 576483
4575 89634
3579 983399
5374 22176
3264 591037
2245 252295
7648 585979
285 789008
7871 148012
3707 679993
2940 175755
1870 37575
8188 367533
5789 216077
6640 760723
42 816554
2444 55018
6962 197272
7788 559645
6749 10357
5305 828182
7916 49715
3363 319012
4227 952566
6628 36080
203 857016
6559 939967
7152 224705
6630 447277
6677 657797
5908 379099
2306 885449
6066 911807
7959 931220
2167 456718
1500 235059
351 478972
2370 278457
5919 701661
185 101368
2511 215569
355 259923
8047 632778
857 240087
8003 665754
3764 730961
7155 743951
2385 928704
6753 816841
7864 958569
5399 223709
2672 759660
7310 227426
7671 245008
434 318750
4028 528740
7984 163306
6133 748756
1246 73612
608 812983
7807 181391
3695 886607
2671 160461
5318 908788
4480 382315
6468 640315
2335 753316
5495 712251
2406 807849
3946 371386
5225 285976
619 520518
1449 573467
5486 744247
7282 450693
2354 329939
6787 926391
6784 757786
2295 101169
7055 701369
1549 170242
7209 933948
6660 776054
6606 475667
2048 547076
971 868083
3081 679258
4147 405357
1717 364263
599 236648
1245 504443
7899 22892
2391 765691
3551 741184
1524 774667
6872 986579
4759 664888
6705 755938
4320 370790
4754 944318
7182 377702
4735 448453
577 896377
2102 256699
433 623127
6098 675241
2516 513303
2937 737723
3874 555690
2716 527584
2296 851155
2583 980666
2716 47319
7146 509822
1079 839926
1071 744675
111 150530
7518 947993
6441 419419
4864 627587
1008 234796
2274 165362
7571 847400
3755 159115
4833 949928
5856 427071
91 668301
5528 301279
4991 452578
2694 965603
4899 629582
6223 340820
8167 740612
3906 79187
2923 789004
6778 316282
3216 32966
6301 559120
5299 375718
718 505022
4691 790535
7703 677744
4540 718763
1421 718717
2199 796041
6895 279550
893 477319
8024 560367
4099 159091
3905 377686
1645 757420
7473 611672
2247 352714
5907 875597
7575 943577
3742 980082
2109 666865
2404 198386
7123 581741
5065 622465
221 480898
4400 599695
5855 363719
862 684645
4657 400111
6082 766860
5991 651756
243 341569
1570 912022
2114 585659
1616 902210
1522 229855
7744 122427
613 601894
7998 114998
1012 734103
4312 494028
7531 336053
2035 983853
2624 361293
7957 857383
2864 535607
3864 41756
8021 548708
1907 872803
6911 791976
5144 649803
3826 503858
7238 558522
3254 743433
6379 303795
7782 138658
3150 470100
5392 856903
5196 700658
6886 225867
1997 295584
2566 787394
2218 509065
7330 303979
4676 934988
2447 27323
5902 519665
7741 692412
1632 998771
3864 399105
3560 149331
6030 514441
4790 330705
4307 293459
5531 122151
3977 369332
1506 784359
7772 428367
1426 274951
908 104026
328 342755
1026 795837
4773 162858
2534 772029
2887 8314
6803 300892
3457 917470
6744 61765
6932 299123
6399 839011
5984 148160
5427 626711
5113 146174
1656 717682
5654 257645
7787 226708
1518 256524
4236 66110
2923 513753
6049 261395
5051 652597
7465 637005
4706 452118
537 428197
6975 816618
5528 125723
1811 300887
907 24105
8148 139858
7278 158080
6289 475956
7777 522788
2673 796473
6579 949417
6255 160133
6201 410866
1573 423694
5533 577084
3045 188747
1349 778580
7597 444153
476 935486
3379 802403
2757 183677
4750 196882
8088 561838
1264 56946
6997 807694
5671 85330
5906 723303
1479 440493
3004 337381
176 702145
4034 297643
8188 256264
5519 505348
4121 526571
2776 665372
7126 221936
2241 175217
3461 607222
3626 328167
5751 402518
4083 486783
2259 334012
5280 432601
3213 532356
5442 362709
7981 505186
2909 672567
1831 330931
1280 395190
478 37909
2539 209616
6261 172168
1157 92137
6698 365086
5977 75453
5181 316991
1036 239698
6573 565202
4116 974258
7557 467339
349 508253
5909 64032
7057 175415
5187 815409
5329 687662
7201 199122
4953 867650
4256 967545
1511 610500
3182 786839
1299 564908
3150 61287
2203 268756
108 309807
7804 970806
2330 800932
6869 26164
905 499575
8142 26432
576 137847
1755 948214
6366 173651
2221 812461
6852 178790
1635 371813
1187 116123
4032 460227
7795 741276
7389 689837
6986 138710
5755 372967
4643 204913
7278 622013
2970 476751
266 874859
5950 244247
901 598384
5433 838950
1517 528403
5009 881082
558 282818
4430 878185
1944 907240
4968 238329
5124 737832
4089 714540
828 759746
1213 162489
7997 958908
721 265963
6461 96554
6244 200138
2719 649559
7888 411953
5394 933654
4577 891514
7597 212287
2939 623319
1857 934373
3332 252315
8165 869016
6209 832219
62 424794
4352 593520
2856 546322
2224 453197
7159 303971
7464 714574
2856 451562
3627 580495
599 884497
6373 200267
317 989641
2020 474894
4707 128141
4241 827279
3788 732689
1167 778120
6539 589405
4281 414978
462 544677
724 256329
1060 401609
7253 331839
6687 499974
8148 754807
7789 205293
5450 497265
6438 25553
6617 476531
8082 954630
164 299025
6585 90515
7141 908421
8188 151747
6005 948024
1785 433846
7388 856796
5554 171269
6266 480311
399 303950
5877 611729
2488 145797
4177 574454
4357 338159
4906 595415
4428 115604
4828 692510
6426 285178
7638 677954
2086 63184
3235 538583
4892 662858
82 897824
4789 706787
3194 742774
2071 708404
2559 111124
6090 383647
3364 20170
2389 574268
1607 39058
2828 464161
3556 28959
6621 95641
7562 769638
853 714791
5985 487943
5725 581758
6666 838173
1109 911816
3366 429113
2885 568786
8172 964408
695 216605
4723 557142
4078 391702
2802 202471
8075 278422
7177 904826
4827 525571
3226 435568
4939 994588
7026 122589
6760 547148
3346 158542
6964 297613
4212 73238
60 985105
4136 731348
7555 939473
2228 64595
968 114862
5307 270809
1900 192904
3813 511873
5074 638575
1405 281447
2889 293227
239 268807
1918 989057
205 832247
5453 857267
5366 686454
3205 645951
8172 991703
6381 824731
5943 12764
1639 739832
6667 232642
5759 968637
2077 934835
4211 85389
6060 378870
7681 436940
7528 674145
4420 896214
4365 742248
4028 243419
7356 888357
1457 371705
3542 345862
2078 388720
5109 100503
5195 528930
6747 226735
2795 972872
6131 833455
8123 496631
7956 546067
4483 107373
309 604209
4658 344519
6900 393573
4281 419454
629 272270
445 503100
3364 465290
8142 311423
1137 764778
1660 485719
2030 182635
6558 698625
6821 973825
4653 830837
815 618166
3137 640363
897 212380
4971 439728
294 846095
166 159366
266 977776
5196 562332
200 576076
3174 553065
1843 818357
5572 19343
6625 551873
2970 866745
1783 282426
4091 517020
6703 266790
4377 440228
5219 494920
7087 918520
1957 664599
2128 33946
3544 676399
3744 447058
1188 816256
3641 446736
1115 138906
3434 692908
5643 847096
2847 986633
6457 959116
5545 72540
2203 120086
1196 763726
1016 945487
652 730698
1645 621167
2848 169742
2911 22303
2274 527845
4588 133096
6413 437134
7378 640298
6475 144757
4074 372518
8184 875085
4735 966258
5100 825103
7826 225628
3808 74570
463 995604
5669 507336
5928 523691
6196 141359
5715 650425
1368 358316
1321 103339
4688 454548
2570 581266
7596 257099
1866 296693
4969 196053
7103 990314
5375 166032
3797 654230
2550 998151
7638 175637
1146 298784
5526 159855
3835 55584
4939 948114
7988 835229
4830 817928
2990 891044
1050 873175
937 779148
5924 462441
4958 704486
5883 885789
4451 336915
6614 216231
8039 190914
7277 389135
5708 597952
4000 818460
7998 520222
4540 253847
760 95458
4655 428524
4325 518882
2961 340993
7757 412600
5351 538379
8137 337930
6907 440083
6497 442386
1070 120471
3079 993506
5404 536131
5080 127261
7808 418338
704 239067
7455 951876
7839 776173
1750 357868
6112 552755
7105 232371
7791 610522
964 195489
6102 690389
2718 90746
2723 437366
5253 654468
7755 838825
6496 553385
2919 531956
1177 342604
4482 958844
1702 300273
6994 817081
1951 329216
6411 398432
8059 144005
3122 813448
5223 437461
5371 74376
2925 898003
166 67495
4149 75836
8114 420716
3610 163202
5876 906997
6925 90015
4764 379692
3510 44744
4727 473620
2293 678493
1402 703244
1323 253515
7825 263834
2576 776941
722 245449
2602 459507
526 609735
3203 560513
5615 754200
4023 369321
1374 132204
1840 604910
4759 833741
2914 303053
3061 495190
6164 65778
7049 123144
733 685699
6936 961218
7690 154660
5053 142442
3449 475634
3521 565609
5414 516144
7825 545999
6348 672071
3260 837507
4752 933195
289 948091
141 419818
7467 610787
1838 478716
5439 584425
4143 624521
4450 81660
5227 690306
7074 68233
5768 734708
2202 305701
2233 317759
5662 992707
6568 428044
5543 547051
7206 297710
8030 329367
3087 632410
5602 794887
1539 702370
1 803921
4843 998793
2732 204880
2077 169058
5261 697363
3680 72867
6401 475077
5629 621234
4911 905576
4689 33675
6920 159779
2281 525385
7759 955079
6942 636729
124 326099
3481 294547
5714 916237
2302 719665
6887 853187
6343 82749
5338 272888
1016 639146
4996 887998
6028 347338
3633 300450
7462 908413
1512 55212
216 503928
5855 687852
1739 390172
6520 756953
6254 869830
781 42820
2255 589282
5686 948580
5011 530006
5640 952041
5452 694301
5096 432595
6709 359588
1312 540626
377 929219
376 376894
4601 865858
6894 216738
4397 738770
1807 567973
7946 967921
66 570786
1780 994139
4175 457812
4941 18369
1906 216986
2086 93228
4808 475110
3239 464699
1461 62611
6889 509676
3516 793674
752 678579
6382 131941
3649 786089
3418 530612
1862 245412
7190 867192
7311 778117
5881 940164
1180 167808
6342 125761
6387 812884
1850 952742
5895 222041
5391 837908
68 692532
4946 587347
6619 990955
5825 567946
7025 613500
6482 638996
5970 643592
1601 266249
5132 58073
3709 779896
2282 942799
6166 631578
5708 689710
7669 969352
5394 35826
3218 232838
2870 214458
1860 587375
7102 702301
5750 373680
6721 748784
3186 492221
6751 108074
1339 901680
3083 651992
5962 413082
5264 938744
3503 135333
18 479186
5191 80363
6609 764345
7527 321315
1792 618470
8132 260700
5891 877134
2999 182349
3086 3352
5892 949110
5673 169303
3853 685586
6879 679271
133 586410
1157 726435
4161 778030
1665 545398
2079 417458
7945 267877
6234 145038
184 286567
1145 410109
5898 233483
984 797589
1303 696983
7171 420846
1743 470760
4358 149575
2834 645192
6523 586041
4088 492141
5355 280508
6 601936
3087 62374
7882 166202
8186 479520
7090 898699
7169 439931
6325 252741
4196 627215
2773 14482
3525 922918
3261 718539
2808 106416
1353 854141
4500 776943
429 228228
8054 412893
6862 118058
7088 144745
928 518888
6832 262007
4572 73611
7587 944279
3091 136970
131 462297
5297 890333
267 312799
1362 770006
6876 492759
1904 139692
1576 764682
6313 986220
7995 125169
5969 78346
4274 117144
2955 197883
4738 140852
7789 317410
2507 431394
5137 674466
5503 72000
5137 313121
7462 660052
5459 33152
851 964273
1685 568796
7345 556555
7352 855591
3632 993087
6206 769096
8108 217004
8105 469011
6346 828296
5448 319920
7453 209009
7584 221837
4375 759819
4691 391333
1303 597273
5632 969277
3751 186062
429 243988
4391 991421
6939 194124
1053 312035
394 989495
249 785700
3381 980207
5478 639424
240 400826
6772 7233
5173 535390
6524 868600
2748 503039
5718 844137
2464 155924
4690 954223
3492 319423
3686 840818
4921 643397
6748 659832
832 667791
7697 485831
1009 652026
7612 511068
5799 77510
4734 939206
2455 922302
5400 786815
3411 439619
7634 502813
955 756122
2806 314774
3561 358431
6822 115379
3811 73619
6640 581163
495 609158
7268 164556
6101 571138
5655 124964
3128 299091
193 155107
8052 504172
3825 969218
1507 597690
8145 806152
2402 391114
2912 416691
3508 582
1477 96348
6074 812716
4518 274273
6027 345889
6306 231559
1309 340168
4114 661372
4330 230378
7560 33047
1815 857859
5768 879708
5216 746315
2151 628169
1848 708576
4659 855103
2101 331409
4315 260040
1591 887224
1698 215333
5763 987151
5987 303760
4740 46875
4458 270710
6242 124562
2010 341566
2657 772428
3828 718282
6122 68282
1134 150257
1640 668473
1796 949031
892 22753
3269 164310
3570 692697
1703 959074
1266 408044
3437 461980
4353 819504
655 446511
3614 550282
7356 278892
5997 268544
2290 854414
3956 997351
6336 824037
3042 874647
435 896564
5817 666509
2247 223319
3118 412496
60 255931
5026 976393
5836 141833
4 986104
2017 217541
905 824218
5500 802372
5555 286794
1983 409926
6533 381823
3157 86569
7635 129537
4740 740077
6580 424179
6856 473592
7086 481893
1886 603000
1036 610750
7679 654530
842 473477
3037 429440
4204 685817
6632 740307
1910 455007
6524 991235
4679 693448
835 325415
3457 6919
5014 73542
3321 138363
7285 334860
3774 623068
225 570862
1480 931539
365 515853
927 608193
7619 903262
7627 54690
6801 544543
7747 255349
6483 860245
4146 698733
5603 231987
3391 661844
6405 942633
4335 96033
7866 383200
2583 421519
7996 905402
156 520698
7285 711315
1120 213723
932 306798
4662 440031
2465 703898
6810 374373
672 465541
2579 311166
4676 240299
181 1441
6301 459874
2272 811988
1280 280367
6681 897438
7338 1724
3028 351683
3248 565361
4127 760479
5138 948271
4571 558066
5412 398015
7841 448195
1164 71945
8143 969142
1472 452220
7056 860132
7500 309927
6305 868308
7170 594574
4958 663523
1179 292896
6957 322245
3753 31701
5407 786180
638 108983
5894 844634
3462 356382
3332 18589
2885 597924
3454 46399
4786 782787
638 675183
6403 531952
7171 89079
5206 43835
605 511873
7244 272741
168 748620
4062 45765
5618 12702
1370 489390
5639 684026
7411 700978
6169 782043
5683 280208
7917 928494
7336 698953
5383 663803
3514 651217
2057 378828
4700 430364
2065 892380
3130 36476
3780 446062
6554 746661
1588 914780
1693 114369
5155 54396
5463 987582
223 941987
6635 780445
261 640839
6017 420203
4300 674840
5313 807187
4777 71204
6188 785112
7737 500695
3729 755934
404 287131
6174 649577
7631 476989
2547 832739
2674 334927
7772 777946
7296 137485
5431 843183
5252 238427
3063 126241
1013 704779
7585 123194
1895 871070
2038 892844
1392 241629
7980 483010
5574 784779
3680 941528
2754 672878
3659 831934
2426 373099
3160 782051
1505 43378
875 80719
3662 184359
4243 290716
2494 249712
7524 864100
3404 925125
6211 580145
6623 747742
1325 322501
5896 198003
7124 385533
1998 751572
5334 322346
3440 413292
3746 281787
1038 713899
2726 283244
3987 901530
939 449516
7383 57790
1778 801322
7412 23732
5365 682614
6730 111320
6855 458974
6555 410811
3539 534068
6633 767559
7058 380480
3894 911840
3096 988940
7934 967241
6804 963911
5417 735823
4108 293952
4609 171175
6162 989626
5898 737785
7511 849468
5191 40157
6580 876617
4543 92386
2920 379080
6198 887799
4017 590259
7401 375145
4631 89497
6168 505338
2993 335330
1009 278576
7905 212343
3745 405103
6280 256329
3155 176794
3128 734571
6759 321702
6798 76423
6021 782633
4118 990769
5889 874820
3726 290441
6872 59174
5576 13254
5096 112787
1058 981982
3440 395942
2201 846598
4177 792725
7587 755301
3625 306608
816 340700
2200 833354
6768 437970
4058 996665
4297 856337
6565 41002
6180 928517
4109 727466
4367 72575
5893 147753
7450 980516
4320 181975
3771 812190
1181 911606
7644 819688
7407 402704
4219 927240
7796 166257
4489 957395
8 58924
6977 92642
5351 374514
7116 489812
1687 471470
7624 566325
963 431151
5095 141501
6271 459708
3302 582742
5254 590098
1785 653090
2426 505895
3477 563750
2239 202754
5660 556177
6590 647552
6276 134026
3874 56966
434 646231
4020 407958
1652 551117
6500 115621
369 851326
2221 315734
633 90402
1123 98210
1744 665319
7646 890200
364 726673
7904 840288
2414 893608
2922 819100
6655 181127
1262 363688
1974 101089
493 758325
1778 456147
2615 620698
7022 941162
3744 576048
5782 985682
3418 815362
1468 611514
1371 469664
1400 588449
3250 328500
4127 183366
2046 277130
1688 426780
5640 696780
1099 171940
2299 682233
4872 541498
543 721927
6375 98625
6745 198633
1845 950693
7380 826531
4830 158349
7752 31536
6598 529087
5452 42335
7197 398374
4025 827166
3116 546709
4504 702044
5956 486207
2877 770370
4831 601985
3822 156645
7293 435591
3933 476188
7315 37262
6420 403595
6249 619373
1011 742402
3685 238056
1333 822538
5636 485005
7255 530611
3461 735924
4493 408931
2143 526991
6709 728756
6758 648770
2018 282143
6567 441345
5116 436045
5201 783752
6241 772457
206 743790
5583 752836
1475 828377
3384 436316
1665 383374
6406 184226
6849 818153
3926 794726
3393 14678
7260 984662
3413 802710
53 675817
7098 757752
4984 910559
2391 990228
6835 23017
7977 348494
2102 169011
816 129777
4965 935558
6920 569197
7852 892805
3844 350318
7373 57503
6441 529960
1492 45512
1128 611268
3864 585364
7059 58148
664 500675
3573 858716
5684 616703
7897 521603
5188 352471
4823 547333
1477 922977
2920 168991
5797 46518
2990 277113
6549 642898
191 845706
4350 146266
1180 19427
877 489981
2800 689044
2046 117006
8136 699224
1791 75960
7809 827493
5917 744872
608 322738
871 650259
7094 33314
7671 859218
2599 209155
7808 963700
5441 804818
3015 296639
272 536515
19 671299
4278 928693
7639 205802
708 851028
2041 219128
5494 743170
7391 788633
1457 428539
3194 550826
2549 667030
5517 394401
7666 981953
4170 7012
6663 561724
3076 281330
7455 748867
3299 542233
7435 670344
2369 628253
99 504497
2153 869552
2714 537994
2743 439594
3484 320892
6318 833234
5316 941352
4924 75424
8131 822936
2909 351178
2807 248255
685 696316
1577 300185
874 166237
4047 263421
7532 401008
5338 628750
6501 62307
3012 79218
4256 474101
7628 882538
7655 677133
401 414466
5620 997381
3712 870974
6196 38692
3519 388270
4515 489058
995 902713
5714 772462
1951 161803
1424 663652
976 768915
5099 162420
1578 953516
2114 213595
3707 103547
5128 301981
1309 307675
2180 10421
3920 34255
2418 466251
439 879349
3681 528201
7886 264584
3338 66004
6629 243366
1584 141972
3012 121296
2567 500518
99 708435
5048 68206
3167 2137
4995 343792
7714 871184
4402 425769
2241 736807
8127 508538
5870 714991
3967 230443
395 892499
8026 16804
2705 331233
6731 538809
7007 1357
238 105546
1136 362684
5346 19366
3789 244471
2499 392056
426 987695
4649 292142
7142 39760
5782 191335
6503 954286
6440 57794
6852 712654
3904 800575
7903 44936
77 792508
6564 930907
1817 900015
6990 250909
1353 819921
7759 721031
6194 478154
471 620282
4506 604088
2918 242194
5586 83771
2494 972777
5470 980267
6832 559109
1297 286123
2521 549463
1015 601709
7657 529028
6739 355328
452 358208
6757 433782
1444 565368
1544 407227
2002 790731
4859 671853
6895 904157
4822 357689
7091 361138
6452 812838
2344 475474
205 641319
3077 891729
2578 880568
443 783442
6340 308945
3894 570229
8189 153567
4817 855665
4711 535497
4381 893516
4739 908446
4565 493380
2164 155772
4756 995719
1305 625159
5872 892754
7248 834882
792 820851
5562 506061
2033 430721
1094 119910
3714 25301
2542 920181
7827 83440
3738 776599
3469 488456
7151 191028
7497 735464
4654 91646
5220 552283
3211 177266
2448 79597
5079 147559
4624 372177
4387 35852
1551 300175
2280 949637
2425 363833
2808 112059
3864 350246
5636 467780
2105 245503
2096 782125
7348 11518
4258 325086
3306 754081
6180 456537
6105 714731
4227 798529
1035 399072
1684 488835
4096 729609
5748 411519
6875 533158
3682 91928
2851 879200
4915 831661
5705 855830
5498 229461
6922 224518
5429 992946
7057 54081
3982 114917
3146 327551
4597 954998
7582 233340
3747 839946
3880 258439
950 916596
5805 315111
2342 800018
4557 459157
3030 427926
6053 589320
4542 687704
3319 773702
5864 152741
2403 945558
7270 714972
1383 909620
710 1058
7730 83380
27 193848
5647 652709
2843 836325
7945 78085
6669 221895
6825 928585
2520 514276
2613 808759
7089 491471
1670 17685
3766 891746
6264 364917
1933 551968
3739 229129
7328 446474
7200 785685
7728 416448
5554 319864
2564 622164
1915 229256
1648 474319
6727 774034
42 208517
5476 52036
5876 780286
1511 754195
3618 285266
7569 786036
1275 692026
6302 757561
2911 564810
1404 655497
7325 237130
4085 390213
4747 166644
4524 373646
7672 769518
7457 278468
2062 103232
2694 940414
5472 132391
7258 630270
720 501575
7136 358619
6690 127956
560 81164
662 264195
660 681185
7036 935374
3695 995897
6371 586792
1408 421604
7452 366301
5665 592780
6552 750427
7754 694936
5556 945069
7464 790733
3209 635743
4373 849607
7361 361003
7516 651885
3064 854699
4218 197572
7082 915549
2052 239722
2016 498322
1952 176031
2212 146614
7587 826153
367 105303
5793 16909
1830 54688
7752 615886
1405 147968
1823 1925
4100 957899
1812 328901
1457 703896
1475 11358
7838 777900
6650 92997
7776 639766
128 397784
457 672392
6536 222503
6686 921486
7361 137124
7687 711950
1805 907139
699 941224
2111 275196
5644 45909
4438 592132
1577 304146
7192 550669
4205 505174
7224 1182
7706 234309
1197 837979
1027 555935
353 50228
5826 100526
6520 463807
4907 835041
5510 299132
6039 121476
1319 764164
3322 793680
3788 493603
1838 749527
5325 48337
4544 872572
4511 450689
375 906228
7506 22592
5412 928565
2957 221799
6229 244536
1417 110313
1454 285565
428 992791
2084 893025
4521 527377
7422 929158
4173 798270
3911 581513
634 160810
1098 937839
8138 236223
4861 89090
2012 961377
7226 625298
4375 77969
672 740650
285 742999
6695 757198
2258 550977
7479 110253
98 449699
2885 20795
3637 476513
6293 222814
4345 1113
3598 944049
624 602240
7322 217483
745 956832
5855 730304
7570 33682
1070 57941
5633 374829
7934 514368
5710 925998
4324 66237
3760 202889
1175 643691
4552 227258
8063 800545
8076 929711
4885 578390
6216 199724
4388 798251
6265 420947
71 327889
2284 220032
3279 730914
143 738381
7773 414154
2852 748596
7496 506562
2627 292709
5241 288455
1893 834552
3386 950380
7911 264553
767 981544
6161 47464
4708 896444
3692 238923
7977 988505
1786 844980
1400 184231
6304 118217
189 130322
6200 788022
3592 570497
4595 880280
3060 602366
3654 722017
7324 86598
4277 157736
2224 950826
6681 7247
8175 741755
5623 201397
4636 670858
7208 455594
3865 910571
6952 13197
1960 74300
6266 605177
7954 504164
3888 85367
4744 73464
5911 766614
1471 336335
1377 827750
7642 697979
1155 830037
2816 286748
4717 972376
2128 335782
726 202123
1646 159649
7306 875306
1162 834523
169 91036
4435 462333
1143 881245
5628 634168
5383 129608
149 144732
4332 116079
1136 417422
865 442308
3494 903564
1225 18542
6101 677121
494 838307
5589 239018
2739 952095
5471 69764
414 681987
5722 61174
7789 837783
6407 381280
821 376409
715 38264
793 294100
1463 508175
6292 738759
358 411150
4546 254203
5811 772882
5006 748262
1952 225839
1040 277431
3120 44465
1319 730915
1115 518345
2837 678319
192 94431
3906 739802
4816 126248
7967 709639
3894 311687
4338 244446
1642 360264
3141 566677
4664 876252
2470 960444
8094 434404
6142 67294
7838 66666
169 266849
3474 63604
8184 514015
6298 837206
6884 300157
5421 144506
2428 648744
1548 230730
5056 154123
1746 536891
5202 565164
966 985976
980 206599
112 780128
408 586404
1251 588742
6276 503930
5065 516616
3455 14379
7590 659241
1586 859982
4412 855406
4905 445137
5020 501484
3236 278508
7615 227902
6439 111586
4430 651212
1728 87684
3240 584146
7514 981201
1616 377677
3548 823953
1514 235488
6921 873477
4839 626720
3152 198361
7056 842546
5137 101047
8140 657688
5185 836193
3738 835871
6798 627566
7087 472890
8023 140081
7555 775474
3915 43972
2192 928134
7214 343486
2944 644009
3096 170970
5555 340824
5871 913996
1052 413593
3222 824987
5610 919135
139 218482
2250 480401
580 679194
5974 255764
6471 463220
7979 392119
1976 855798
455 277763
4092 13937
6206 831348
8108 424839
7173 76214
2919 582286
5084 495660
1181 524320
1338 824630
3367 763601
5257 486078
2225 825157
1048 40610
668 617689
4120 285429
2181 801543
5874 488776
7783 507761
66 572709
5634 737896
2622 525306
3843 153844
2643 763524
80 435158
1109 521198
1057 460043
3639 765547
7171 678544
5309 513544
4383 919408
5387 251579
2424 799245
577 150632
2946 177844
3287 958965
152 898652
5116 992296
7485 864307
3207 389709
5810 373387
3718 457428
3760 937931
7862 134644
8096 207783
472 294473
1316 71161
3888 126120
327 741978
4978 601537
3691 893636
2345 442157
7673 594112
808 838082
6661 262533
4357 892791
2175 168848
1635 189968
1286 281145
2697 80158
1777 171484
3872 242373
3143 751768
4774 664934
3122 449289
662 52732
6790 455821
6209 37817
1295 502585
563 579882
4032 259500
6535 651536
6062 219550
2537 734074
1560 276144
5357 662945
3509 582574
5234 207269
4436 454574
910 533605
861 115355
7490 181050
4185 728403
6008 538674
5233 873495
4775 550267
4052 383857
7144 986027
7252 301672
7572 601589
6660 612164
3647 850741
6049 545382
7872 469814
4552 335863
1015 968431
6122 104931
4978 115938
6418 754513
6270 603492
939 62665
7708 490354
7843 582420
8080 954305
3834 272088
6382 368813
3857 377087
6830 710326
7074 837809
7919 989986
293 403949
4382 803068
636 719395
1454 131237
150 225528
6905 794826
436 943882
6121 514676
7366 274243
5255 875019
3802 884460
7403 453097
22 206993
3474 937851
3210 527107
7466 990839
6461 872318
4801 951702
2478 13322
4883 35041
1384 769561
3444 613353
2281 484478
6504 911270
8090 311891
5626 356208
2389 744549
1393 552839
4729 883924
3641 510606
3049 60417
5171 250087
1429 148373
2980 763920
6754 942309
3828 43102
5546 261228
6245 747891
993 652102
6201 956309
5964 101941
7271 296926
4751 357600
5965 901804
6116 815676
960 603794
8039 94448
3953 512647
3179 827080
3414 674240
3080 926040
6976 501967
285 169748
1037 463183
214 239861
4069 989144
3218 305501
6031 984319
7876 934121
1242 513840
5139 232930
1450 605306
4963 611311
2987 649675
7285 802074
4870 539188
5412 651380
5048 591987
5866 323062
4787 481789
7568 327691
5877 911377
6619 618691
3441 759690
8011 733442
7402 87258
7945 454273
6517 467740
8101 804711
465 584766
4463 353339
2397 296847
5690 469869
1846 84640
2647 102332
4028 515410
6109 311277
4583 567866
7984 626736
3283 23769
3053 491958
6766 774735
2250 961930
6070 570358
3685 631312
5546 108181
5545 200069
484 940921
4137 659892
7532 228166
7424 458089
3896 342126
6698 748533
4342 696421
1864 187592
5198 195344
1387 818054
6521 778675
6282 641011
4907 802221
6475 30717
4712 127254
712 727315
368 439692
2105 332125
3689 943498
7178 323955
1118 203448
8047 421408
3581 591780
5022 285019
6700 968304
6972 902282
6978 371037
1946 788799
4253 499364
7304 795682
7399 232431
3645 726852
5854 545292
529 194195
5010 470599
6916 677080
5334 523677
7111 255961
2006 728085
6363 438822
4970 321713
4775 368694
4883 364397
4380 546741
3942 603427
2350 8376
1156 402921
5026 481015
764 433005
5195 134770
2945 127091
4074 127032
2985 469583
3192 995991
4361 245272
2845 501449
3476 810837
5007 262704
4803 556150
4638 389043
849 462248
2703 989395
4441 171366
4707 228394
7158 860345
3049 964330
7356 349677
7980 966681
2688 941399
1672 816075
217 724382
6538 231413
5427 374288
4611 811576
916 285717
6846 482497
4933 86456
1760 548995
6985 885256
6021 467903
5251 836157
114 280501
3826 128112
566 455566
6421 750773
6006 721328
6693 194879
87 820799
4859 759098
1911 293034
3363 650631
6771 86080
5788 684319
762 598853
2755 783042
5849 611623
5008 936161
1133 660702
4781 425793
4808 45849
7522 189667
1158 992492
1807 432987
5852 483918
257 571682
7529 671805
5551 815686
3176 944602
6338 931828
6583 172900
2448 507189
3265 433920
4705 391054
5030 957868
1771 65081
379 479396
8020 864049
7636 378530
5402 252596
6009 365702
5977 947067
3033 859837
2329 375113
6592 424488
686 108606
2349 453075
4806 649438
4536 193838
5016 409472
4629 540455
5424 319316
5555 619001
2165 590957
1547 926058
2773 589189
2235 342014
2717 971426
2644 415495
1736 114383
5414 1946
2150 370240
5493 802834
4133 936971
2979 628370
4527 645699
1642 149017
7874 715075
4702 357092
8134 371804
4199 478415
3461 923364
3038 359612
7489 442336
860 835410
2871 962846
3148 592025
4768 704979
364 252712
2500 682228
6970 481856
6917 744295
6759 48602
7207 260627
3002 861792
1513 799694
2261 799328
5258 369279
3100 94696
2373 714600
5465 697939
4119 465226
2126 758198
388 642485
7514 301508
6217 353648
7217 423623
183 518830
8190 497743
6478 106458
3830 498106
3050 285056
7081 949110
4389 319339
503 901003
4204 42556
1206 476683
194 416962
2040 255799
5813 486845
2596 537011
5765 468210
3941 738666
7818 182821
336 154973
7905 29853
1103 400407
6251 165501
6703 963627
4124 123221
925 741428
5468 137885
7818 963502
6050 460192
1720 242719
3724 913766
4889 994642
4869 52424
4730 653274
821 674972
6372 92
1227 245267
1123 998977
2735 430510
898 368185
1377 10118
5472 172982
6759 169359
6598 509863
5423 6946
686 806857
1671 479413
7137 413173
840 340788
6965 20415
1358 403645
4515 587896
4448 842841
1424 443528
6065 396993
3381 686591
5704 302760
1877 730510
6901 328959
768 387773
1683 80274
3781 946587
2288 672511
7145 500615
1647 231718
2590 205919
7690 275670
7057 165421
3325 743
6207 197773
4734 544710
2880 455765
4802 635593
4995 94035
4582 450619
1323 250212
2151 413794
6699 733607
7494 48132
3174 643715
2366 67149
3750 660413
1053 70936
7103 483173
4374 426091
5449 277635
1125 567333
7040 470612
5628 846063
4773 257454
297 172492
5879 318298
6063 935779
2203 261874
7798 741138
3468 355277
6368 165543
6764 820022
1007 855092
3430 955781
4452 626657
12 353609
885 27340
5561 988205
2914 758789
5024 234306
137 824604
8063 47833
6646 723416
7721 164613
3174 669468
3828 629890
6259 709631
5569 854552
2662 559618
1144 933200
4012 941148
1607 624333
3657 287935
5549 342718
2163 682947
5483 480011
4348 837188
7987 677686
3942 668658
5422 405581
3042 315334
7306 707557
5465 732541
5810 576797
5169 728959
7442 109193
806 267879
5099 172210
4352 585609
6429 332075
3705 323432
3085 713214
5525 800509
251 466874
7697 614622
5076 107449
5907 522717
2179 548353
1307 305165
3041 861202
1695 651999
98 805754
1788 549333
6235 975203
2111 846993
3012 912992
3672 629985
8034 634150
222 446183
4100 362889
3570 217399
338 40580
7940 156247
784 810712
2752 547894
638 940392
4055 424679
6886 176297
6045 395515
2127 866504
3197 216830
4327 342701
4992 994763
3145 272914
6102 441551
6939 510301
1122 704836
3946 353132
2159 568448
154 191271
6923 193719
3400 608733
4254 502690
3285 138499
7826 400407
201 32906
7978 931476
7354 6658
7162 286829
4967 29711
1468 968815
273 425235
6909 216811
1633 899097
8062 238893
1351 837957
5126 807025
5763 807904
5297 647821
1282 120393
3091 556990
109 356404
5612 174112
3322 241370
4139 380070
3709 918350
5235 673922
1413 927498
1601 15700
6763 996776
5149 44220
1313 3118
6613 291614
2828 724540
1607 466413
6994 430591
2522 829270
7166 506129
756 894460
2331 708769
783 749082
756 556644
5651 430711
6690 631498
122 421270
4356 769898
7250 647710
3972 929739
7404 822319
1094 866207
6628 883244
4791 376047
4574 201839
449 783727
6603 826719
6608 538768
7234 3326
4161 178391
1934 871827
2424 832898
3006 897342
783 828166
139 267246
663 353288
2287 153011
6179 139666
6578 771177
5248 248765
2569 481278
1516 857104
691 700214
7152 393414
7498 19942
8060 567318
7547 932291
4030 396331
4888 424058
7515 90158
6997 920908
1046 110487
1612 583946
403 411715
6336 86867
421 484761
4978 758098
2510 750983
7897 479649
4677 448093
6364 542639
308 37782
7193 573641
3062 416030
4859 948352
2708 213176
4026 953491
8063 813717
5527 121849
7669 661358
79 455046
5691 638718
4470 139043
4498 311545
6765 406443
864 722746
4137 307256
1476 505962
7613 481934
4422 606683
2023 800686
6273 542869
2404 333244
5137 36550
7314 773179
3320 896533
1585 873700
7682 408627
3708 636925
1116 95878
1734 570974
3216 34127
542 744508
7156 977098
3564 105756
6169 769132
4955 50084
6495 689339
3971 419627
5332 600166
2697 288640
1201 21717
461 34900
1465 578521
1686 77371
1572 422969
690 79215
5535 91295
3401 255727
2396 721519
67 778236
3310 308010
2218 766213
1686 161095
8095 449503
6791 124781
4476 872554
7872 993589
4427 847037
3024 865246
8124 101788
2792 99396
5347 7710
6476 761923
4239 213710
3645 240508
5980 396812
3774 874892
2551 273402
2251 231834
1429 977869
7778 443880
4953 312211
1314 805002
2374 584546
2609 873767
2822 505496
6914 440561
6346 19597
7154 558192
7323 693533
1689 174857
7530 828647
7346 453209
2634 12035
3366 236695
5145 741451
3319 449660
6873 171072
1656 682196
2700 188125
1076 291695
3390 65738
6525 867066
4840 142687
2831 450905
3113 48709
766 218728
4877 504284
4373 788232
4480 740935
8093 891450
7754 136441
6476 843331
3580 465293
2170 500390
2935 195815
6846 533242
5824 339455
7496 392130
4489 739412
3987 538727
7976 614117
5539 571700
1111 775333
4347 588848
7748 207960
7169 532610
78 891559
1006 501419
8184 76653
252 363921
2451 689155
3927 430876
3754 634708
2571 972707
7302 313516
1434 428543
6317 943751
8041 590052
1476 220290
7831 139271
1222 770655
6507 825993
7504 78785
4450 937472
1168 367212
5215 257083
4089 165247
742 136589
6615 316403
1752 833145
3598 71044
2888 329158
3088 430105
6242 365391
4135 86147
4577 662277
2968 432622
7689 208020
555 280654
4048 770294
2967 917164
81 728136
1499 93976
70 79881
2206 781224
1665 218565
2601 438460
6334 951941
906 510142
6274 879729
6556 424851
2296 983083
6524 922263
3366 65529
7824 459091
863 180509
5750 231155
3654 628990
235 814360
4697 217181
7487 522466
6306 27528
2221 705998
4386 671284
6381 329496
4740 198677
562 913405
6265 512977
2206 846697
7237 49401
3606 487557
6495 769127
3234 668795
6504 197963
4026 756313
3364 288696
4843 688000
6246 552177
7593 102459
2646 184477
7863 517338
1050 57465
6248 676511
2880 933080
5867 57246
802 98016
2920 425917
858 330763
5963 787739
4808 960452
4314 955022
5037 680653
6114 511041
3227 256054
978 943256
737 610792
2518 358570
1655 247360
251 679540
2958 635329
3876 363126
5113 436563
1277 811890
4989 745934
2088 994639
3997 902322
1875 515392
7878 563884
360 224028
5547 900396
2743 478150
1953 37167
103 850001
873 323833
4111 619630
6936 993249
1493 767607
5231 301382
7640 128099
2402 472436
5990 660792
3469 809710
1666 903443
6289 675749
7487 859178
3298 595813
7386 985572
433 841056
7688 655090
6900 143695
6265 899815
7400 732775
1584 588144
1159 915616
749 234812
6844 623723
556 408707
5776 530879
1318 99657
6961 625022
6757 394748
1838 658867
5306 22308
5015 460600
3158 321602
782 772043
6612 702890
2540 899795
6029 687444
6900 258927
2504 585439
7340 332664
7353 568834
1853 282421
981 675768
5361 66374
4984 832016
1666 617529
7929 753986
2506 909963
204 25608
950 123697
6191 388342
6731 752208
7524 155983
1127 809416
2429 94499
7044 273915
3376 638889
3383 135536
1627 786931
5324 82469
686 560783
5512 440326
2405 552251
2097 594147
3448 701468
1584 71689
5846 168905
2585 640932
1982 609190
5214 860685
561 699674
3144 686127
1923 672897
6318 207321
7448 714046
5947 616184
4155 978317
7214 978776
2484 555891
7256 232493
4516 109972
6253 165239
2774 332728
2345 445805
7885 487222
1061 167621
443 637304
4935 144370
7575 617043
8060 319658
5618 775411
2850 532268
7634 500442
3925 998115
4512 917277
6767 590880
4510 94157
5729 223720
2976 88824
1007 39504
7762 898420
5426 818657
6712 329510
229 673837
1728 681956
1912 730033
2491 589649
263 667390
4785 470234
6515 384022
5305 598208
4068 459126
3396 655129
7800 627418
3013 697748
285 218894
1352 608744
2868 541486
7229 946819
5929 229550
2204 375034
7556 737213
5788 683262
2436 259769
5933 443506
7834 102159
7032 450672
1359 447058
5399 909583
5856 113323
3805 172050
3256 827360
2999 630686
7814 727653
2311 774078
7394 226365
7946 944635
1765 296222
2934 912363
1672 56063
1921 229327
3174 115418
1157 645446
6528 133600
5958 201100
601 562452
5947 852957
4832 403166
383 789514
2582 846668
1236 974673
650 720802
3130 948889
7792 803042
1134 570273
5363 25731
3684 220345
3862 139664
1657 278234
5736 987117
1362 259182
2275 967697
6505 848244
5693 444238
7014 999169
5758 507419
5415 590768
7348 98898
4679 871882
7100 405084
5551 183596
6153 248250
1873 878954
1399 50690
1273 359444
3394 464975
1716 968020
7809 234187
1796 879301
4914 459520
6126 494454
5092 141049
2635 243066
1773 383851
51 274868
8123 987685
7517 37401
189 9436
1360 148530
4888 691698
1963 985568
5628 371813
668 545756
3317 276912
2935 784085
7200 117073
4137 384716
5745 892386
3001 438942
6173 949663
1710 976431
2357 865223
6747 966235
2045 795201
4607 773799
3861 405893
2342 450280
6604 530901
917 751962
5755 193687
5123 233372
5261 27310
7178 798425
4911 243728
4292 410460
3189 557896
3146 685796
5376 507546
7685 272297
7541 162893
7931 762606
2335 404389
2464 675693
1532 973695
4303 858953
6231 704935
5007 947065
2049 98920
4302 450250
5975 330671
1029 138592
2848 214948
175 29286
4139 831557
2975 438867
1883 618472
1569 49575
15 193791
696 657752
2366 609259
3478 261875
7376 775553
2273 624118
2800 810902
552 330913
7895 558991
241 132640
1271 863783
193 651019
2992 956058
1466 948402
176 792580
2745 634861
1850 703153
8022 599010
2438 709583
8070 828267
2260 984581
2577 193865
6218 794212
6540 309217
1116 390293
908 281960
6014 889787
3963 136135
2455 600728
7474 492706
1803 876122
2141 330057
6697 627323
2509 42607
6069 235286
109 656590
3495 203467
5374 607929
3446 153225
351 431051
4039 403881
5011 137550
1438 844103
7113 890783
6767 897524
2096 108281
4515 623112
521 484480
6825 596912
7514 537862
6967 387116
2130 335967
4482 916907
3101 1840
3614 211064
7917 472506
4615 315045
1824 39299
233 826401
4867 893706
6440 964975
2351 482442
6833 436460
2431 903146
6500 607912
5727 973935
5017 784798
1424 275151
6551 846258
5490 611871
3295 890901
6399 208288
5789 375839
1556 180669
6028 535670
417 435516
3231 837202
5125 944432
2133 644289
5380 25299
7785 212857
7778 405843
5644 343436
283 634056
7858 418477
3312 163644
1055 872359
1218 379792
1139 875075
6576 144226
709 643240
2817 726092
3598 825703
2896 724103
5893 821142
7913 170368
6582 752665
3889 809132
5039 96830
1694 957395
121 725129
2446 375873
5313 58273
3328 339998
3166 841968
6252 861173
261 730742
5112 692374
3094 235948
1074 125507
6748 220376
5756 941041
4285 985504
6197 634316
495 80797
7799 167467
1065 992638
4880 249000
4125 442473
6032 134545
3685 249130
4746 190510
5756 381767
2957 266987
261 45059
3547 64181
3496 235403
4589 237675
2973 162338
1136 468715
5026 193645
2321 782092
3920 863353
5389 965932
5015 602414
6358 437778
5597 878469
1331 71805
6119 740109
4502 403284
3231 669194
7831 290252
988 844702
3368 384806
5549 808501
2824 604874
3777 209115
6760 694964
1043 175513
1766 418184
2731 473146
432 590703
960 394926
4091 84975
6545 185579
5908 150182
507 544704
1136 304510
3771 757690
21 550588
7987 510550
2749 638592
8093 477
3752 589670
468 425835
5425 342590
6632 80529
3147 263454
7519 303393
19 100180
6138 896367
3344 607387
6825 605486
817 754378
4223 477244
3139 24854
693 553743
7282 289202
2367 777756
4565 438172
6093 922445
1255 180447
220 232607
6974 391421
625 292496
256 489365
3939 601868
3624 146394
6042 681262
2260 323725
1971 472394
902 267703
6271 993551
4743 288310
5679 946341
8029 641660
7158 630905
2349 191443
6889 623331
506 503767
6918 5579
1716 474120
1791 106320
5265 864030
2906 171457
7294 272705
1821 380247
1971 602079
6798 108363
2101 64709
582 575620
3847 251317
5516 316929
3827 72855
5341 526014
7460 488822
6536 73503
7969 701005
5009 116327
8059 360850
6195 593728
962 389244
4998 245861
4050 900943
1353 888943
8170 775307
4419 275134
7204 498508
4564 985972
4628 989103
2054 513320
2345 48735
4753 171093
2123 72575
7427 357013
3817 163948
5149 818604
2923 393723
8149 953913
3958 416527
4708 276421
8156 949984
4993 920065
6154 766006
2327 559651
6281 476162
4719 463093
2574 968694
6255 105108
1908 898869
2666 865453
7600 283900
1458 708144
5073 593635
3663 965717
3943 42496
4139 265277
2453 130911
7220 612687
3320 710773
713 691432
6545 52886
7943 247669
7130 752559
3741 214845
6357 274912
8147 811662
7406 214326
615 571569
1477 209069
3008 292461
3816 737782
1429 917881
6357 742334
650 738731
1351 843449
5464 690932
8190 103229
1863 211912
518 36807
870 193668
7171 118245
5640 985898
897 481781
3183 817801
4118 102323
4584 637786
4884 964901
478 879583
2178 173801
1742 61339
7885 34038
6014 117575
7346 985686
8192 431226
564 86931
4208 47808
3372 934866
3545 265236
6340 977073
2235 724367
5793 979014
515 713742
3192 665337
7323 420563
3641 210663
2205 171161
5348 490602
5496 484003
4005 145854
4406 775427
7729 531887
6022 248461
6869 41949
476 623725
6973 328081
2146 685094
4573 150896
1806 550672
303 232316
3827 650179
7627 5158
7311 580210
3856 99413
2194 556026
1491 348419
1010 596424
4574 617194
1482 255490
1093 317621
2062 70183
1398 230490
1311 466994
5963 619340
3073 184414
5543 484534
73 947101
1866 859952
7101 899901
6178 275532
4438 642706
7217 878875
5601 186339
2588 347570
2968 606632
3066 397817
5293 619275
1484 624620
8031 56674
4007 485982
523 721740
4229 380387
7570 858379
654 898199
4454 195272
7841 849717
528 556174
6017 193695
6302 732584
7721 645757
7794 701989
8158 201315
11 296047
5121 974235
5274 971464
276 718017
5684 2156
118 984004
2964 409198
2928 548192
171 704035
5012 79465
4400 197513
6845 773366
2061 558803
4302 19214
4629 46840
5855 954296
7831 919850
4905 216492
1861 283765
1412 701347
4621 388770
7171 292613
1072 665405
4190 125837
1154 227656
4381 90060
6977 218195
4437 171791
4521 639460
860 814034
1274 172034
4859 869627
1370 970999
1014 343537
6965 763750
2443 666187
973 606328
4624 327487
4368 449724
1647 942047
3730 799065
7610 199807
2692 133776
5045 864428
6477 92828
3252 940560
7841 116108
5378 111056
2501 791324
3232 763348
888 365277
2747 131687
7451 853601
3830 948499
6793 89272
186 983304
7087 122352
606 848288
4233 753547
6431 166107
7344 351956
957 209247
3957 560174
2368 858587
426 315706
8135 950952
2013 321361
1137 731762
253 19824
5779 825202
7906 597349
457 336523
4127 188097
209 631344
4211 628731
1387 85244
2801 296798
1934 779632
7110 287204
3689 281245
6157 237628
2423 849989
7150 588442
2571 887012
4416 185115
6077 929430
1120 812777
2454 595510
3289 19996
6241 321379
1237 754167
4661 845631
1538 611445
1417 115346
6210 537587
3993 484863
2216 489360
2837 344001
4846 635871
6720 656895
7972 248741
1637 313616
4704 568826
4128 954298
6637 967045
6710 590482
5064 298928
2595 351312
1939 50497
919 855726
1821 257852
6083 566391
2444 827749
5965 405064
231 75086
2279 703604
1983 815967
1462 575605
7677 63870
5660 145886
6929 459020
7238 584534
3654 692061
1573 72172
7443 887086
6184 592544
846 295272
5602 437193
6794 652820
6281 820918
5086 226096
2510 613852
7035 837839
446 353972
7192 91632
2570 87833
7965 231810
3396 906318
7732 550403
1055 224612
2751 39168
6541 426345
2190 694555
6964 276434
4031 470860
5394 648540
1511 393551
4306 806799
6608 861220
682 827916
2829 60427
4413 117505
4507 234650
4904 743408
5457 710692
3229 580890
3328 498844
3824 253147
3227 894792
976 485864
2131 649092
857 880521
118 407186
5325 579836
3533 201243
8003 773807
7771 961710
3251 768678
4485 273098
1731 938265
1378 438143
5688 209209
3594 380238
4820 526139
5003 114393
3505 161572
7642 711867
53 35809
4257 214087
2270 292319
2164 239142
7369 292690
64 554776
6988 602914
6899 346037
7644 494479
894 308765
3844 448923
1704 48455
5601 360767
719 438386
334 412881
3876 860557
4999 867440
4538 403263
7676 467865
6896 510347
4749 143471
5197 983658
5282 510504
1823 885836
7135 50917
5101 183822
4090 742963
6668 848690
1437 488867
3178 87189
3127 316195
2186 708252
2481 415391
5133 163873
1228 425016
5036 594763
7553 694843
5403 210857
2437 312942
3595 696735
7678 779098
2942 825148
7202 459787
4948 197504
5292 148190
5692 185374
3356 629351
2063 403564
4345 931391
3746 110675
1432 239597
3561 218263
5833 623902
7986 655137
6759 306781
2463 277377
7469 333707
1896 950176
6227 126428
4738 671891
2311 451819
4009 447256
4575 106691
871 649641
3791 954776
5104 174462
1141 310325
4105 504039
7020 924170
5702 762893
6847 7723
7841 994449
1864 106746
7328 354115
3159 496304
1974 523418
2508 320331
414 47593
5671 562019
7456 190537
6074 6534
8174 448078
2075 554822
6471 846725
2302 586947
4086 376725
2415 541470
2764 260672
3235 280723
5574 233689
5509 157108
4009 453441
7486 20582
2990 238354
583 842231
7456 353572
6577 540435
6606 391857
4650 120546
4492 905140
715 351819
6259 582894
7377 130516
1088 85180
1674 997771
7460 811283
4066 130546
3460 538928
7941 487767
2359 113700
6065 363631
6462 727883
2080 117785
2838 519959
4636 301752
1885 680494
8105 799026
5738 309915
1049 169530
8127 374386
3153 254736
3801 943556
7266 954371
4899 177002
6976 676191
4427 866379
6671 829176
7951 223515
1925 529250
7098 931537
4472 27261
7272 207877
6041 294815
1742 825397
5330 239154
6797 296038
2525 119950
2946 594575
8015 554332
3068 160532
5252 629222
6508 673723
1765 502262
1190 448235
3968 33496
6985 347158
7858 168439
2843 347478
5135 467213
3373 958910
1339 99131
2998 906615
1058 998333
4935 745237
5490 751190
3307 376810
7470 551797
2871 122021
5689 458772
6460 81730
6007 191497
228 18204
6985 5812
4838 563010
5497 414957
7457 991266
3178 24403
7112 30075
5516 597961
7047 8253
7976 524775
6481 15387
4685 634526
2982 182628
1726 179744
1662 85197
4052 514961
2611 741137
5070 689714
2051 524972
4693 206367
6031 243633
3612 342037
1242 792078
6509 172686
1162 293716
4760 590209
916 706555
5837 773508
7320 102858
6867 562003
3422 93871
7434 328193
562 915884
1593 811153
499 839700
4110 664211
4975 451216
3360 471453
2680 123964
3337 708330
43 43034
4504 119720
499 751866
2847 804599
7902 830694
3571 292578
5560 728737
8051 171835
6047 57407
7646 273653
7164 860480
4226 51964
6894 348127
6810 998122
4851 861428
3847 539065
758 12277
1229 18172
3176 823566
1401 508599
4884 155816
4241 878253
6104 664446
7711 117032
2787 26631
7142 917274
1160 360283
7078 785854
6323 227491
4770 811289
7405 986332
513 78913
2639 97263
3997 671780
963 79858
1601 329884
6052 80458
1352 889816
8114 542104
6217 793004
789 325290
2529 108222
2016 575497
5213 775918
6608 619943
5506 823202
6637 636496
4360 164749
5998 556837
3296 68247
1523 356202
4761 81262
3929 251627
4934 834298
1673 395446
4104 413806
7454 191842
202 704417
3287 325242
7834 174389
4852 351105
4246 782383
2503 279579
6874 303713
4137 765525
6263 448052
6507 296925
908 480689
6978 608223
276 837908
7041 447927
4845 87382
6683 573504
6982 550374
7724 976894
3717 553179
6985 404553
3798 36620
4554 430045
6142 166197
7313 792896
7596 663903
4920 165270
6322 927
4232 178
3726 380200
6953 623489
4432 425734
6671 72748
6788 100083
7655 255698
6388 978546
1029 903870
3398 429057
595 733039
71 205134
4906 384840
318 208009
2916 111699
8084 672211
3745 341435
6356 643658
5623 766255
775 897052
5255 887529
2464 326759
761 61547
7177 735898
3437 99908
7849 830185
944 39804
1887 499434
521 45952
8 762930
6624 937817
7852 22768
961 708148
8077 588995
6014 575091
8099 53306
3458 174044
1094 129927
6064 133080
1862 911550
6350 911140
602 717923
666 659283
7019 530832
369 919534
7691 353621
7051 514859
1206 440675
5347 719990
7040 336194
6398 857809
4634 226587
4250 152759
2182 417579
6449 17110
5774 979369
899 738517
4670 221749
5804 22222
3259 766458
6384 724671
2526 629637
4567 246553
1717 668221
591 343038
6196 199569
5393 827505
1342 943410
3786 434694
4792 401581
5176 121660
383 159387
799 640355
4294 789582
4276 69597
3547 379726
4378 242911
5451 355966
754 261764
6150 71684
2866 226336
6711 604042
6272 931055
5764 781438
2203 502394
1563 512077
4964 777927
1251 752703
2680 497233
3521 9206
951 127162
4748 134324
2248 320696
3599 279704
4862 802563
6438 778885
4364 414102
5119 529863
684 640506
7970 80825
5429 844584
7039 472762
1249 410365
1681 432899
7845 903421
7832 135289
211 752578
4640 621215
7508 730076
3844 822003
6175 300179
7933 383220
3498 991734
4203 923205
7668 905368
3727 709719
4084 90321
877 907508
2894 469450
5968 344662
3885 831538
3546 618423
2254 499969
4406 329548
3660 286587
6990 617157
6116 643714
7265 553381
1731 558971
601 471595
6501 68989
7425 488579
3831 333952
2117 536117
3846 180295
5007 416540
2853 740929
6463 267040
5314 720480
609 969394
1525 10338
780 116955
763 665800
7383 502090
7564 283792
3667 778514
7261 683945
1509 664991
3906 410636
429 500086
7342 428178
6642 306472
5505 201323
225 522164
4797 57502
7733 807667
7973 698138
605 953353
416 420745
8160 627004
4118 763131
3201 633531
6094 52486
3762 187506
7370 508939
2534 907475
5181 235232
7705 492940
6580 203228
5662 802313
7377 919065
4359 299418
2020 985417
2720 648563
5298 974852
6688 735854
7896 83315
4730 585372
591 4047
7783 496234
4183 895236
1195 497446
5290 538655
5427 794989
6161 270396
6587 40225
3750 728817
1999 456752
2278 774609
4079 723937
6870 787471
5246 558106
4884 216413
4276 378364
5821 914875
6549 49546
4629 703680
866 914560
631 525126
3616 801776
4781 186393
729 636888
3392 763955
546 709374
5497 569956
4534 241958
7956 222647
1530 357490
5127 878587
3602 227170
7680 925458
2658 814165
7319 178509
7971 535210
163 407018
6454 407724
2731 143740
3926 257744
3421 377525
2503 540304
3639 104500
5182 263659
3008 784986
3256 123141
6624 82764
6182 155104
5482 153506
5493 303206
5335 138555
1089 569672
3140 913321
5686 355110
5776 287878
4501 375306
4348 704549
5306 445639
1909 995419
3538 212591
6732 134175
2043 932872
1985 874840
5206 725148
4260 590426
7652 58409
7972 103977
5824 977101
5443 448704
1438 315718
4148 807365
6848 680541
1425 151029
2680 716250
3108 147711
4954 716104
1538 991669
4424 955941
611 164332
581 456071
7852 872211
956 922699
3204 730159
3540 305097
4743 633721
3992 670921
2698 256077
7435 502984
2278 47642
6020 233039
8023 359398
3874 704
7561 666387
6549 859788
6729 921894
4883 624389
2416 309533
8119 683167
4888 821202
7750 813863
1965 366344
2733 268486
2500 723262
869 11593
5619 392671
5314 76858
7906 283508
8012 655308
7679 625765
3912 762795
7253 108492
3696 908944
2885 105047
4905 757214
332 753622
3773 87931
1023 717907
5758 22154
176 861702
1374 466692
1636 576420
1799 456239
6108 513628
5605 844656
5586 101598
3781 476095
1676 208060
1288 190726
1968 417016
8114 602656
2559 165279
6352 111215
7936 565448
1745 912704
6013 630668
7022 627066
6480 817082
3450 571372
2219 705262
1317 563338
4154 624266
7565 158507
1493 371522
4952 170198
6742 673096
3321 822735
5324 182337
650 929867
1112 723128
5082 319863
5600 589088
3851 47179
2323 21472
1994 133522
1922 852879
4795 298125
19 745444
3832 755195
7127 609239
6612 756753
5960 917237
1987 622485
5487 115114
6446 37077
968 48527
2785 298450
2710 783409
3031 897487
4135 419990
870 259697
569 534844
361 201350
1293 976040
1159 558427
7981 680933
1590 185638
6054 705164
1148 109903
483 559791
6609 722819
4914 183906
4643 308192
5512 103605
8043 950426
2307 425053
1873 301892
3320 410458
1018 922261
7360 815700
2505 505260
4597 546799
2597 453416
4874 863148
4298 138049
2352 618616
5001 752478
6143 258759
5044 670206
3104 975860
7455 767932
6047 408463
7592 852781
8166 44906
7725 828201
3914 596828
3653 281787
4267 630053
5010 23432
1857 181368
3031 847018
6787 632153
7149 935852
5557 183271
5939 936534
4150 811652
6127 998117
258 561439
6106 519892
5147 474507
4446 304620
7722 561692
6705 431381
4056 530901
5550 336878
5023 573763
7661 206959
1741 252632
6958 123868
6696 655710
6973 220839
3204 108638
2082 317780
3027 643162
4380 406236
991 900218
7628 110746
7320 514754
1499 767894
887 812501
4193 464400
3391 146522
6160 837163
5434 123725
6403 497377
6566 258794
6023 944671
323 153633
6595 224458
7656 899785
5944 744252
5702 183531
813 796152
3423 481688
1587 830765
4269 916486
727 92372
7873 568729
2822 673807
3579 472698
4049 252144
7477 536681
4224 46406
7219 934085
2965 661258
323 805902
7716 472388
4360 904003
7483 169586
5091 109754
6566 899153
121 225135
6237 434439
6235 555859
7709 807262
4069 77896
65 732013
7360 185242
1775 127728
7456 833416
4125 194726
269 763358
7536 856173
8041 669237
2105 520247
4263 697067
4307 143448
2710 400487
2371 340145
3094 106297
4103 523002
4865 365400
2610 650809
454 224145
3993 577205
7104 864202
3905 937629
1775 369755
7583 107076
5948 810055
256 527545
4168 881863
7152 267139
3000 562117
3270 882742
7809 527119
6387 542892
4584 46632
6078 32025
748 26895
7852 211266
949 182905
6185 935098
6114 858772
2585 900803
3059 922779
911 138192
5418 562523
1334 606046
7465 770834
1543 705545
6856 53832
1510 675125
1572 769296
6034 278167
7156 317551
5518 886174
4290 836432
5208 56428
5712 917651
3095 101056
1770 882435
2056 746582
2174 516269
8067 649233
2262 917675
3044 594583
7796 173100
1944 953478
975 301297
5243 264084
7645 801523
998 67253
6178 839544
6198 292192
3372 814975
6691 907228
8088 765120
7613 835115
2774 999621
5203 221604
3700 227293
4201 576965
6723 51466
5705 569909
3752 358122
784 807348
6584 82807
679 381483
7193 737449
2495 872603
7359 79689
6248 690095
4402 375607
3969 898457
5695 768428
4589 833119
5526 538874
2659 361318
7739 403054
2230 658194
765 504051
6882 58019
2039 820607
5600 728548
4565 61321
6059 279433
4667 176882
1084 847837
5209 837466
3252 265676
6021 950086
6520 861944
584 526473
4798 729535
5430 715612
3503 980911
7275 269288
7184 409807
4689 107031
1835 583637
7745 24391
321 605108
2162 885374
5975 915303
5363 758943
2795 756699
5631 887829
3333 317638
7287 370007
399 262797
7478 965420
4274 172085
8128 20518
3207 453454
3302 385680
2417 886648
1561 882021
7291 375423
3385 974182
6512 897730
5647 380944
3742 431501
7326 616366
4306 609192
1174 102308
2904 901288
6357 644996
7021 952652
3613 737538
7883 702170
2364 414104
1861 605182
1800 764833
712 233955
4745 456811
6625 706627
3661 400289
1409 630879
3238 543259
2122 622616
4555 625477
5023 527234
7444 989803
738 958211
2736 64254
3887 148600
4159 708428
586 233722
2089 786086
722 946263
412 107177
2752 334908
6945 595722
1077 145654
4389 476887
3115 240043
3937 627844
1941 296522
6930 689692
2403 230075
492 514138
2717 728340
7553 100768
5660 686603
4950 169096
437 37444
7255 251302
1676 125979
3938 947550
5522 210237
5448 644428
6807 536576
2335 120040
3627 284077
3444 965532
8052 403006
36 28947
1907 343289
1962 818778
4104 237151
4573 925858
4237 675867
3951 977607
209 415592
2469 775140
6200 436864
4857 65962
4917 422546
4710 659121
3238 387666
1361 519600
2005 843334
6353 163914
7607 445821
616 373843
5376 98172
2082 209630
7903 109925
7171 265041
3506 94796
6557 508901
395 891206
5163 276606
3176 343367
2988 442526
4057 677201
3011 353256
1698 988944
5847 146507
2404 129555
3446 756363
7497 771864
79 507237
2119 523711
5679 937441
7109 413585
2888 819779
4604 225164
597 334293
4448 6262
135 519661
1022 882674
5940 626834
4548 704397
4645 242495
3062 639849
4483 868306
7566 475681
6646 683751
3620 765266
193 597804
7449 74884
2648 448551
6835 611530
724 269622
392 44601
166 205786
6337 214267
7760 205792
3974 525143
4966 174579
2716 947525
2464 22314
6298 863583
749 629250
3729 904447
617 953235
961 709378
5702 725927
6242 470873
7501 522267
2036 272121
2380 83406
3533 62734
5991 234777
1504 328776
2228 89971
437 27415
1729 219455
672 479887
394 255368
1223 339280
3033 663815
5751 502692
6793 347355
6578 378786
4840 120447
2688 803704
1353 179442
5457 881055
1806 93360
2116 361649
3227 163967
5118 815155
4925 359568
2811 508786
4153 691022
1623 265991
6733 4519
6159 169652
5563 916626
4583 219884
2242 974149
24 982096
5812 445211
2800 341450
5311 116092
2774 52912
1221 320012
1218 16923
2184 586745
7356 378191
1194 500391
5199 309119
6375 127879
6522 396611
7856 659077
1124 380386
1339 172788
321 1487
1999 94159
301 747082
4589 451191
1998 218664
4157 210094
3588 193978
5241 207419
7610 204606
5078 102838
1612 493215
1623 471492
2135 694419
101 637283
4308 954328
3402 272229
2709 124656
339 931319
3755 36659
1097 263262
3741 34722
4992 780795
7916 478126
6132 422866
3371 146435
2251 420557
5004 841496
2533 186563
4829 794967
4564 218095
7303 69505
1726 741809
4161 649486
615 361887
6656 379554
4736 800431
949 378447
213 113928
7112 670657
4672 733457
3965 257293
2757 599167
2811 626105
7818 199652
379 138338
1370 547261
8057 801848
6733 554654
3138 981157
523 832894
626 773245
4231 984439
7637 393171
4689 778645
1729 296012
8023 578527
4569 28650
1356 374853
1424 831370
2241 679519
4532 572200
1186 233320
563 245415
70 226912
5958 159480
345 40879
7672 146036
8007 554566
3221 425169
3103 901086
101 556670
574 410603
1210 586217
5908 269182
441 547381
4108 527365
3412 696566
3442 796162
6352 168605
4472 618498
5375 747295
1320 682533
5845 549728
7130 302050
6658 702494
337 227478
5786 878224
6603 654176
5466 39886
4524 161326
7877 849513
6086 768234
5965 80997
4762 523349
3380 371711
1847 715728
3727 997213
5359 290846
205 337669
6046 687760
7964 996963
6528 478348
7133 634456
1342 388188
6370 265252
3925 973193
1885 707826
4162 423478
4355 23328
913 974426
6586 591228
2823 67625
1019 225107
1858 861116
2671 132938
1474 307827
6277 932351
3172 535502
4368 435185
220 827952
1093 307692
7392 846751
4585 740381
4030 43283
4318 817571
2868 668361
5020 949356
2346 348406
4085 172457
6389 564095
5989 402537
1939 102100
6807 449609
4683 473731
2576 785243
656 759845
5937 535849
7711 140097
6756 48312
3690 23406
1050 40964
3995 568467
5178 656766
4905 842430
7085 863766
2680 18779
4746 241167
4512 337429
6234 158805
2834 166748
7194 388060
1665 699942
6666 905223
3701 798084
5846 608332
3249 822199
7429 381623
4037 18137
4835 731206
3919 803601
526 19128
6808 861815
90 547831
967 224826
1040 412924
1727 593904
7643 93399
1986 7390
551 289799
335 315435
857 33674
3801 364421
6456 781574
5285 540044
6197 927529
5565 14147
5937 796174
4990 98388
7922 199067
2671 560686
7821 690017
541 83403
5186 498881
757 432274
7537 943880
4585 453076
1377 251378
7333 713107
6476 81401
1169 492949
7572 454120
5640 724965
3378 43981
2118 349375
4989 926737
1237 508534
1621 945006
4032 621530
3943 223154
1090 151544
4337 784430
5571 705486
2802 591969
61 548564
1630 65650
2907 412344
324 584502
6587 445997
5418 654172
3624 193094
4190 698258
3948 568306
6036 766831
82 38294
1945 175374
6873 395395
214 109197
2099 241908
6410 823193
147 657802
5262 720885
6934 739107
4356 268145
2775 65747
3783 47061
3334 367318
744 13830
5263 374457
6754 960867
5869 118914
6194 87470
5439 83372
3404 894637
2711 358656
7320 506497
7314 149372
1964 164572
6200 253290
6812 613538
3997 86143
4919 394527
3617 715728
985 57637
3076 879721
3679 202363
3538 451487
14 492844
2863 670014
5342 467408
3823 20375
2316 847281
4294 745033
464 729674
5206 744277
8026 217528
8018 712034
3235 274053
7311 986207
4913 589003
6415 784469
2167 839978
8067 518893
1243 293167
3372 457386
690 354942
5532 115200
3565 139452
6277 467060
7487 961256
6299 987161
6703 970372
4379 204979
2383 639807
7227 37960
3099 789873
5327 984498
4290 270076
7866 221725
3773 660674
7934 429452
7445 432888
2684 585451
487 265218
583 715494
913 599789
2475 977799
5827 580444
1789 350056
292 804085
7506 324928
7070 177905
3091 3424
1441 638913
5678 23494
7316 137843
3348 162974
5861 890952
1622 3594
473 221869
811 90022
3437 459562
3146 428493
4313 619982
7298 889001
2771 191500
5638 962562
6436 746502
1892 331181
4210 183878
6566 923685
3415 393156
2787 398932
7705 951253
7151 863282
300 832224
2367 23199
1468 351304
3938 838953
6662 855304
4 305323
6068 568053
4649 329132
199 998100
1457 37133
5649 582676
292 9454
3809 369560
4189 132608
4456 844698
7500 466829
1516 409188
3207 751687
7239 993247
442 9461
2173 623015
2935 144259
2755 265385
3601 29507
7722 692197
7060 381040
6492 76837
3830 585051
4330 754645
536 148855
4980 667695
5884 239028
4188 120345
1719 739038
1712 696116
3464 421672
1911 506561
1674 966731
2835 46828
1730 441112
4686 779935
8001 836382
199 360704
5339 794135
5227 430310
925 103198
1918 518832
5189 776213
2574 274211
4254 145706
1154 425178
1339 84055
1847 34680
6408 997086
4206 858579
7308 839356
7840 476678
5791 185805
3953 738800
2138 553690
5564 787220
639 863611
3676 850988
6061 456333
6487 677853
5516 299657
7944 783003
734 629155
5407 954299
4399 437135
5611 233005
1794 249187
579 553709
339 283008
310 722154
711 441389
5024 29588
7185 88515
3251 596194
1160 593679
5295 109413
4607 381584
1897 864425
3857 671888
3876 862185
7646 535503
3579 898635
650 885488
5753 154731
7375 877708
5991 590788
5161 705218
7201 291853
415 871261
5637 153820
6291 103550
5504 657302
3069 79857
7975 864596
6047 919421
6516 262133
3875 611511
714 917095
5693 431054
3605 239638
1767 340763
6790 74712
6781 201304
6198 530902
6351 997763
3017 812864
7900 210261
6068 645651
6764 967483
6472 972482
6224 424192
5271 824234
6961 999387
6033 752415
2748 236324
2363 137538
7793 839366
3127 803662
2354 996040
4329 115388
1501 888723
8110 661272
6692 618153
1820 209280
1799 75759
5692 101136
6602 196754
8014 544241
7077 688157
4873 884336
3600 386842
7161 890217
3303 995869
64 136709
5145 216245
3299 310415
7606 446999
8101 474459
1471 621600
960 882886
102 587408
3189 620126
2468 577987
3769 937203
5147 859326
1357 13593
3831 786347
2880 629733
4944 714852
2508 429482
571 126621
6140 130322
2305 188097
4811 315891
6151 533336
174 861275
3355 414677
4929 313457
6609 363493
7134 284829
4631 470527
7989 156307
2690 532751
6552 764941
6774 22255
1721 78516
875 598848
3326 494332
6731 684534
747 951965
6281 873835
4360 244764
7884 757105
5125 412429
6320 165742
1677 454908
280 631373
2190 772065
926 242755
5135 947333
4760 564507
1097 530058
8188 976820
7243 763555
7247 768327
2156 591766
7526 150101
97 179283
2581 414426
7429 596535
4558 72663
7199 175496
6503 605454
7101 883613
4442 630444
6334 785390
1745 671311
3278 338748
8011 817506
3157 846123
982 559245
6438 373189
8063 515799
2407 13055
6772 980879
6983 103732
6748 615438
6560 665074
2560 80449
7566 87310
4237 72200
489 158748
6610 168605
1964 189778
5724 980012
8089 64556
3370 491868
6097 990470
604 22536
1071 738681
943 20513
7911 859375
4832 679294
5848 371003
5306 301942
5836 725080
7722 352013
6029 760911
1195 207555
2297 370851
5773 565564
5100 219391
5509 899464
6712 852960
5066 134370
1058 638555
4355 992901
7596 60666
5059 578995
7237 961479
3407 206768
4906 14825
5529 374866
1418 489508
2656 672836
7174 85609
6740 348645
4203 355651
8127 107541
1659 631284
1993 551928
673 528539
7255 980627
3463 465749
7315 341154
4713 276138
5585 473797
3338 241779
1488 291589
2268 246131
4164 671173
3066 645190
1348 828552
7730 224626
2988 843725
7381 861570
5347 163246
4770 371313
4984 44883
3470 230334
816 107229
2689 154694
1075 264683
775 475761
2316 741449
5641 914883
2018 54358
652 83556
7605 855838
7761 382368
4538 501517
7260 260381
6974 992287
6029 546522
6655 900656
7819 54570
7602 182569
806 782001
1077 907805
5418 982934
6580 590026
4977 857526
6068 381644
4360 800613
130 138172
7184 626692
7954 187866
657 701711
4622 384048
865 358587
7304 3987
3383 448298
6807 262234
1408 212263
4787 313653
1983 493277
7339 537441
8186 966040
7699 698130
7351 492783
5578 413366
4441 88878
417 711713
1221 113758
4039 690122
977 354770
372 114608
3211 987790
5427 304043
3631 451760
6854 468292
79 148445
8048 295865
6548 7607
6364 93161
5434 139672
6168 319344
4026 5193
1689 239238
7752 808189
4960 560922
629 29011
1625 370678
7108 904177
6884 213964
2678 158232
7404 580605
2604 831314
7154 77301
2128 427949
5592 14186
4820 518326
1971 586002
3392 760894
5438 464347
4961 851259
1593 222826
3006 184965
5144 89588
7268 858436
2295 364507
4362 494829
1463 305409
3975 593802
6089 190593
983 394759
6184 157560
8141 914328
578 225722
6283 819151
5490 940169
5245 445501
2629 730978
1609 236246
7096 623157
6280 658374
1433 396335
3421 373647
7469 185571
1374 960500
4829 284927
2356 647598
2165 682181
2772 764938
7505 56855
5813 515005
1076 105362
4959 999411
1047 385113
5036 964467
4193 126522
7843 992766
8115 375823
1623 81281
777 583209
4615 968721
5668 105537
3199 156609
6149 783079
5122 653242
4051 339158
2174 733522
6776 727910
6726 224522
4405 676100
1502 461079
8160 385795
4330 847162
4675 879289
2306 304710
6540 52666
838 796946
7060 867800
7679 440478
2945 949624
8125 60390
4770 965993
3761 506383
732 193586
5302 834147
1479 578617
1071 783645
422 263062
5166 313482
4584 862603
3120 473014
1696 312861
5669 396892
7446 764034
4885 818270
282 924070
4710 85007
7565 743825
7080 251720
2709 795587
5064 431280
4738 670533
7769 158062
3383 816275
229 820024
7049 31134
1337 122375
5866 58770
3276 495751
3048 383212
6718 586773
6128 556889
2250 627387
1799 967716
6878 963541
6299 275345
5150 949272
1446 601280
4896 754614
4513 797010
2491 811771
6318 447648
74 35575
3658 866301
7892 148922
2386 29988
3225 811613
790 727473
7368 156249
361 812398
6220 448699
2849 15722
4560 635252
8012 360925
7275 687128
4214 610104
7564 919845
8137 958190
6961 442879
3597 63621
3227 673279
2490 413770
4755 918761
7293 792978
4490 564987
8184 800848
2588 431544
4878 771121
345 928848
4238 488369
5042 90803
7041 939481
3385 934904
3897 70810
5841 110763
1942 197232
6325 775699
6673 504270
4842 713813
2167 530694
5438 717947
1101 850972
6411 591575
3067 760818
2271 894185
2968 558422
4772 303362
6090 705971
5788 906961
1087 177217
6232 368060
7298 32320
672 658237
6828 92433
7546 800570
4932 732163
4985 530136
6416 402948
7182 583179
2534 660389
4330 342524
7786 729902
1358 144638
7313 182976
196 865293
7505 676335
5893 782488
1843 972254
4642 45964
1510 283827
1069 225285
2462 577345
3273 183179
5803 389012
4365 446058
3751 912852
3615 581421
7773 696186
5630 155719
1782 950000
7330 318507
2820 896960
6707 891178
3351 790550
1439 454537
662 446632
5506 265766
2721 676923
697 441710
4660 600095
5481 72573
2242 680778
5210 677757
6691 119687
4754 404292
4818 471726
7106 183254
6765 293883
1191 429214
5556 295039
4070 753151
5826 916020
5173 189743
4623 742845
3299 835075
4556 935302
2299 652884
5634 447850
7124 823123
5655 145265
4804 187551
5542 511329
3613 680805
6047 179082
2364 10230
6836 769526
5606 784023
6112 879383
6857 410903
3826 674150
1018 267034
956 788000
1751 421633
8172 84478
2802 880389
6154 159187
7799 329736
2726 38831
4492 257247
266 201247
2834 926007
6862 488505
490 267234
3454 59710
2340 513006
2021 627488
6357 866555
6076 526888
2210 690097
4361 676945
3318 629181
862 542780
795 349287
7324 778603
1128 485130
2619 91623
1425 104761
1664 98750
6141 653292
1115 370679
5934 152771
7736 691607
1091 473283
1345 474918
699 924716
793 393161
5646 542099
1756 606213
2076 296743
7353 733430
6819 651235
936 181061
2287 240621
7812 168250
3884 451015
2358 131823
5417 785409
1891 973617
2181 11256
6961 294482
2460 730786
3804 855949
2472 608970
4992 916964
2185 812112
5473 740758
5457 816147
1002 178143
2748 237804
7450 843354
3721 923324
6283 414341
3450 589542
6361 662323
6296 977507
111 877379
491 674321
3376 615998
7585 245379
6692 555350
4007 835357
3165 247958
6146 893295
7816 78737
2906 208962
2303 595431
5451 20634
5677 275436
170 809621
4087 649322
4846 248975
1536 811429
4876 577374
6269 939195
4489 203607
3636 496937
2783 587022
1368 385840
5109 978068
6611 670098
3204 238053
5272 989159
1540 776849
2696 532434
5677 153372
1922 15976
2079 294533
4097 175628
5920 291941
1808 956134
1978 206202
1666 799068
1798 985229
2311 897632
2480 678049
3391 207739
3543 782120
7500 338047
4155 488028
7211 93648
1392 738570
293 594476
3321 253856
2350 355035
6788 577880
5845 974422
6341 739936
528 372709
1949 33683
3381 923134
2348 887380
6714 521521
7532 251740
1922 446828
139 173640
5971 9871
2772 55082
2738 306858
3523 586577
1534 166939
5460 81345
8043 826229
2042 436494
5410 983959
7562 523817
5562 717530
4076 435875
7458 263730
4821 527540
1559 607529
6618 481075
6322 780805
2309 318471
5708 852003
1319 675156
5864 130779
3433 584326
7018 35214
1618 977421
1994 69098
335 821427
4002 257814
7776 156395
1015 622198
5083 348226
4805 235461
1144 315776
1154 98535
7542 389951
1667 986057
2693 921677
1944 12126
7861 176357
3951 895915
1195 664446
7287 889862
775 293062
6723 572350
919 794265
8158 632561
5988 657066
7724 124797
5716 689525
4684 801062
6734 384398
5978 720192
6609 966879
4955 873984
3299 903193
6981 531482
7470 330909
2476 588430
221 479408
4350 472470
4678 10211
2185 163728
6775 721500
2026 561673
5004 304093
6467 270276
4652 615501
4678 630336
6528 193871
444 710016
5767 329742
3547 559741
3605 574857
716 301709
4544 941101
7072 130479
7131 180431
779 333002
7342 661913
3575 605439
1560 559968
7402 346153
7006 584316
971 983313
2824 286228
3577 752138
3245 446972
2205 459908
2823 976740
6214 66859
5718 923730
6126 177251
4980 936612
216 70993
7821 661987
4104 512865
2544 225304
7774 939148
7780 963021
2186 297138
5687 725756
8142 323162
5448 506213
5538 440678
408 640975
2210 772740
5377 21867
4187 197795
1003 758952
4626 747710
7975 979000
5234 665054
1224 752646
5977 772245
7993 754699
2372 705736
6244 775803
7148 10231
5465 808238
7600 426050
7811 979371
7982 377943
1001 886970
1429 50544
7131 786525
2617 294162
1014 741742
5782 478133
592 107049
5058 388668
1746 851796
5840 312959
3663 87255
1300 986894
2251 225227
5775 562405
4838 933692
3084 798273
349 145582
1015 417624
1781 828617
1056 157900
2134 775170
7248 190835
2696 301391
7661 519356
2539 238972
1535 562142
4794 313205
7036 286763
1892 485497
6962 287504
2931 339029
6927 250741
5399 697660
8126 321815
2975 361271
7815 556659
599 105936
3078 446024
4071 572930
1590 996776
7585 988972
2216 704321
6699 415369
6329 983595
6988 861951
679 589223
5961 621706
6136 143435
7886 295861
3774 277089
284 988170
4658 445972
5245 998272
1193 703212
6166 197354
2284 178953
120 356270
2661 563927
72 502831
4263 408018
2967 276968
1057 844049
6507 929496
1796 65430
1383 892840
1494 1689
8071 888554
2172 964841
6069 245041
6282 348998
4417 330707
8096 410021
8113 998523
2298 114675
8143 560612
1363 63490
7103 651159
6120 214759
1162 11912
4894 982497
6097 493516
1392 540010
4460 731455
4213 96828
7134 973007
3740 485503
2551 816198
7113 819714
4062 288650
318 688788
5176 229325
5433 330465
5308 182861
2927 720230
2997 328536
7864 606082
4217 795460
1244 224184
2048 847032
5376 516168
5675 318989
1151 197617
5113 907904
564 372408
6336 618746
3979 21633
3265 97729
5732 566972
1521 181160
3235 942237
8131 733680
1166 733389
1519 520272
3343 751867
6805 914932
1499 836749
1171 723884
1255 541269
1799 549916
5083 61395
5471 21720
8165 756204
5755 962699
7625 451304
3008 726081
6085 229598
2815 42009
6981 938882
5709 425127
6357 81810
3617 784687
8183 333473
2495 34895
1788 564255
6535 989597
5088 753736
1537 559092
1239 932695
2238 612437
4081 998724
6980 350760
364 425051
6084 230538
21 365791
5931 220342
6006 350745
7492 919945
1813 671777
2033 122019
4636 946624
5757 458875
4186 365344
332 152171
4777 180706
4045 742176
7234 630870
4951 727018
5149 960730
5335 715843
1711 634617
7202 378072
923 787576
2340 391166
5610 489983
6978 398601
2350 207257
2250 512046
4539 483904
746 592105
8134 134628
5037 470874
2385 416159
939 645897
4764 473827
2208 835988
1210 340148
2335 265357
3495 890990
6569 484588
47 312394
2837 262503
4863 186471
4905 568956
4666 955108
1339 46255
1044 177305
4898 398975
7709 453715
2819 109038
5357 15614
2867 911545
2946 132670
2606 87803
2541 826123
148 549583
5837 461803
1533 820746
2218 963408
5007 133626
3975 914686
2063 471740
6328 963008
4048 193858
5780 327576
5884 322044
589 750142
619 158102
2676 702775
5427 784633
7846 61753
7144 925460
4338 102448
6558 31270
4267 18648
6290 332858
5053 657856
6470 190511
3583 31460
950 134406
4435 918066
6375 834772
3737 43105
5640 138082
7176 257736
3110 409229
6828 525453
4644 534987
882 617066
4454 503013
5517 839445
963 481720
5068 810354
897 664576
3066 625666
1680 919508
4661 237292
226 481549
2054 973349
4900 122492
1236 390504
1669 654567
3975 71203
7114 399563
7378 20321
4430 93921
7686 410408
1778 375378
7675 40363
2815 796672
1863 150231
5169 306278
21 689507
646 460004
7072 839384
3969 353069
6120 162662
7998 224563
1002 877293
25 459142
1484 381137
1116 521346
6951 328140
8123 935566
7011 650745
2795 994524
4543 332938
4552 302697
3118 813725
7044 387864
732 521623
7599 427654
7580 234448
2129 377271
3972 267082
4206 67126
3917 754364
3039 176328
7713 171683
366 945325
3306 782612
1261 96877
6278 789049
897 961765
5839 879428
1589 486381
5775 652257
6583 121006
3875 633597
434 297464
189 41580
846 343985
3598 834962
4693 188901
2853 244373
5725 95188
5994 86729
5789 740879
3676 901435
6386 656378
750 405110
5757 691771
6879 137229
1482 418439
2609 236918
7556 64816
1724 794560
4725 273557
1586 156216
2795 299495
7851 933425
6454 871290
7389 5856
2520 476391
4338 391095
1831 366929
740 683154
2503 318656
4754 367477
5014 963500
5440 116830
5616 111671
2506 444879
7460 382784
4132 691658
640 451550
2980 458069
3920 653919
7894 706931
6014 250070
2704 166947
474 305246
2846 301513
4468 206735
2337 663487
3609 583672
6853 780870
2146 101305
1178 925096
2891 837294
1448 681120
2674 718451
2741 871477
6910 175852
699 196069
5441 770809
7328 626232
3855 533642
3090 31840
5818 461167
4478 945933
1359 273088
4520 114908
2068 385401
7929 949856
4624 76007
3442 263315
1956 837114
3823 773188
7152 378874
3760 118666
6825 136719
3161 454199
6283 713334
3370 254673
1756 280740
4048 821826
293 793952
6040 312128
3552 235889
8152 575270
6961 354835
122 78279
729 67428
5021 342901
7728 449097
7405 357424
3418 913260
3930 643936
2521 327384
728 245956
3555 603596
5822 327737
570 596776
3330 194512
1728 656265
4149 730865
7150 915009
2414 64783
5195 766059
7564 857705
481 841695
2236 907457
7220 360954
6797 715201
1935 65687
7025 42800
7088 980210
7618 80161
5687 511389
517 575971
2696 99303
3575 239206
4054 619633
3028 871413
2229 855136
1766 502707
5974 536511
99 272369
2193 290652
4067 857595
2795 584773
4204 296791
5961 127765
3492 923450
7856 595396
5258 782013
7438 812713
7991 695187
2981 607764
5942 508827
5827 395349
6668 20297
4081 40967
4803 884630
2258 483823
3440 865957
4466 4843
1231 546393
492 207870
5867 952444
137 205209
2105 145742
1276 73707
1572 312929
4543 124726
5130 679854
6604 181332
3664 380323
5932 385641
6252 138953
677 18690
423 572239
5550 706390
7705 390779
2435 344097
4713 578612
5631 950562
6666 217378
1197 127689
3161 732815
7358 632406
4554 610639
3861 423673
7434 916134
1125 357085
4437 613073
3337 598811
1233 990096
7004 453944
1383 94259
481 675811
820 705242
5154 822968
3307 752544
6695 273036
4680 372490
3761 950056
6692 485742
5831 163232
1223 834676
7036 185325
2046 416813
2434 87324
2652 99606
2517 473972
3487 683211
6289 995546
2201 867402
5169 502936
3634 705371
1453 463655
4475 581871
3481 461733
4854 558531
1831 770383
3250 166964
7524 985650
7152 511633
3103 998476
332 751113
4653 916999
5411 702493
6653 436676
3187 936327
1350 412192
5251 470499
3706 514275
2455 703561
3526 200796
7675 351810
7229 793402
194 196448
8066 807300
4796 623359
3198 504162
8191 549638
1497 448291
411 182854
5019 684677
3965 92355
6776 868659
1621 322072
2745 801300
7789 424914
3466 148117
6511 333762
2598 771544
4756 741890
2190 743720
6648 797857
5840 209417
5847 96424
754 463563
1928 568636
2330 272109
1968 201729
3056 163347
5326 534784
7359 542777
1540 570043
8074 928043
5140 111410
5535 617834
2631 750363
608 123171
6073 993256
7455 278229
2023 641242
7099 136029
6357 391620
3070 548584
2884 505758
5477 132673
1629 280008
2710 335451
4629 543839
7056 176444
4065 421220
6837 929197
1857 123035
5309 542665
1639 235480
842 106800
5822 434326
3916 157039
4304 983135
3851 122587
1494 232243
2110 43857
5854 566397
4695 38623
2315 572324
2522 879535
4183 98615
1428 766732
8071 615831
7301 14417
3391 559014
5298 501618
3947 661306
4320 50934
4590 39088
6933 20900
559 847111
2855 781339
3594 878329
1419 233515
3019 303190
6062 732199
1934 296693
5480 541683
2852 265357
1372 879614
3400 199492
1377 744311
2590 461635
5965 229613
2011 274149
7609 759488
7354 948859
7623 661251
8149 822007
1226 707973
7179 223491
6425 44908
7898 613814
6227 568090
36 556497
2318 749554
1537 649157
658 827059
5114 472897
7876 912162
4948 171238
1404 614756
7146 859785
4700 5436
1009 619973
1239 725021
4612 24117
3959 929631
1285 201077
4477 637903
2538 690281
6497 481567
7185 803027
6299 178491
2298 390976
741 251474
7491 61378
7703 782998
5237 8104
7600 774531
2826 509564
2993 718920
561 696363
7578 653850
4368 322503
5227 917618
5782 67620
1982 14137
4214 455077
6481 871024
5716 744209
1859 308531
6043 464981
3956 961632
4131 854305
10 3137
7705 84572
7097 199466
317 891133
5067 144352
5770 314771
6422 649645
4906 507901
5934 524529
1358 471003
551 575016
6980 148130
2093 532553
5417 600571
4665 334923
124 471146
6253 790038
1881 117326
4742 818295
4430 908259
6817 436663
2324 464865
4751 762551
5305 690959
1886 116313
7452 862761
6428 684386
4075 969177
7515 102446
5168 880431
5164 554633
2087 609858
4406 31673
3823 765546
4874 229281
7864 299802
5642 338431
3023 84304
5313 638110
1763 827998
4198 372172
34 606806
5168 950684
1115 304838
512 426959
1822 667735
8106 487531
1926 648028
4930 7904
5492 44821
773 785032
476 637936
2662 403866
1458 636350
3630 997221
1904 636782
6436 960957
2853 307756
3464 763858
6466 405387
3098 213787
4009 209321
2697 158611
6739 861953
173 990306
6516 120773
3829 858047
2224 970810
6348 65591
2843 740309
7306 616627
5016 62952
5560 793900
608 712085
6699 392327
3164 63053
1079 171098
5143 327098
215 836803
5251 633472
4496 98872
2232 840013
4074 804608
468 974628
7205 15027
7999 563216
7231 622352
3917 371700
2234 835792
616 471443
8034 369547
5661 831132
7442 219895
1277 503220
1517 252398
487 877471
2155 404342
1875 442461
2382 202311
538 627593
4711 355837
695 437219
1063 163367
585 154326
7281 956986
2056 803204
3905 74821
4086 75122
3332 993742
2664 670943
2496 157464
2264 547272
4673 42430
3957 308572
1787 269473
3801 94000
2532 8787
6492 617789
4215 373625
3905 324399
4779 641230
4208 24655
3305 502224
1523 774818
2322 798889
7473 255335
1898 620096
2273 818550
6919 552543
6836 402646
1653 923723
1629 656697
4396 188732
610 377897
413 115285
1705 754105
6770 689115
315 49874
6627 301466
2906 863548
6622 738384
4224 238667
387 525077
1595 481092
1889 351678
5365 233510
2967 977515
1944 900675
912 166973
1598 324521
3223 944170
5607 216063
7138 628017
4678 713748
599 740558
3074 84078
4699 688966
4086 762957
2814 700311
7488 843632
5730 659249
290 778036
5425 23527
2039 909393
6375 192524
2380 262093
4334 463505
1229 253469
5639 418576
2606 388435
6925 491135
6746 434385
6822 855022
4099 312124
4569 923015
2414 794891
6503 886461
6421 232523
1657 601898
6396 417271
970 111530
3816 974265
7792 496557
8006 84048
4245 627051
3241 645502
606 168748
4035 344728
5589 893974
5518 674461
6348 977333
4322 91219
4016 204313
4543 133704
84 511447
5001 413173
5390 104259
1689 188819
3969 312614
7311 992259
2975 404236
884 437614
3660 475249
7593 955011
6272 323637
4808 263823
6630 522376
1568 955522
2341 998206
2318 440048
7318 700284
5122 701063
3678 319959
127 638876
4542 969654
320 429776
6790 670818
2094 193277
6684 679329
2709 754936
7431 130157
6007 131654
2246 394504
2374 915735
6493 633913
7439 716563
1008 980491
6314 140223
72 613782
790 935736
4711 307011
4169 212108
2415 552468
3734 220291
6915 63914
7289 730308
6531 80620
4935 309922
3001 774371
6467 431921
7626 628223
3284 871941
2520 747167
6145 841899
4210 959652
7840 267287
4557 482303
8002 381341
7427 303492
7276 996214
1924 636803
134 70519
4632 884513
3772 170569
6068 151659
2167 474144
343 152763
1630 535236
3111 325448
3431 870428
4515 95610
4518 724389
1289 956706
3579 565083
1471 938807
6947 908734
794 164407
3286 730301
5516 55730
2530 170577
5535 712971
5044 190364
8028 8358
6746 678931
4077 688397
458 223414
4715 535821
1600 238456
6004 908908
769 834811
3907 474315
2428 34402
6389 265631
6556 200848
5409 487749
7921 692149
4052 211561
4710 905510
7937 139772
6476 43608
866 857944
5445 498366
1898 757107
7418 510223
4712 357102
2689 404477
1416 250435
6544 650715
1172 26189
25 719301
4578 538213
1077 795310
7776 446851
7327 285476
6964 116535
4651 764347
1411 215330
948 671088
6444 143957
6006 694878
6899 149231
4778 444372
5501 553546
5081 132626
7017 553174
2531 147463
50 985388
4574 214043
1461 537347
576 234392
3947 88487
705 890857
3608 50770
2858 390029
6558 695102
5898 838361
3828 574173
6769 808150
5912 613441
5139 745684
7089 773383
6029 689738
4677 598866
2803 631477
6010 390536
6489 450591
686 599368
7295 999308
3086 884970
5490 864477
7076 118737
7627 669480
6807 361612
5165 197633
1133 574345
935 2451
692 400687
3991 422906
3129 91052
2584 65792
2730 771050
2954 108716
7070 30535
1145 672183
5123 877819
7331 345215
3618 37426
5243 126492
2578 105341
7201 516925
1613 595136
4601 337224
5490 575059
3056 96016
101 847362
5262 846492
1529 768676
2235 887574
4794 364929
1027 35651
6172 659074
2601 315109
4013 931037
3406 694534
7320 273750
1415 239040
6996 355708
4327 583727
4796 353494
68 445854
2260 64811
7371 149853
576 811158
4587 697060
7289 574060
6853 262292
186 718550
6610 217650
2031 654146
4022 672691
6813 346231
6642 729904
5241 991460
7349 238674
1028 57597
3461 299616
261 831997
3273 64146
877 566174
7249 31312
1555 366889
7001 383907
6186 155297
933 247204
3725 908429
870 804160
6240 179621
7774 266633
316 94072
2271 824847
6972 475773
7493 674392
892 899036
6127 41846
4182 808649
994 323102
5698 461366
1458 556371
3913 968498
2413 319222
6723 271841
4114 157920
4290 925715
4745 761950
2277 462937
7277 112220
1515 194173
5077 265438
3900 478894
433 441185
5571 208914
6940 256251
5146 580726
530 14421
3839 687033
7574 963695
1679 948106
1683 931235
3784 954791
2380 961807
2351 828592
6658 518268
808 538131
7618 709625
2984 652939
6973 789689
6791 920920
4853 396652
5869 841750
1123 74429
6603 389656
3922 555970
1250 983695
6050 455058
7408 739463
8008 467002
5770 762638
2976 972143
3543 169829
5112 964770
2635 645246
2454 533843
6789 408801
33 906177
4799 629467
6511 554136
3887 387971
2005 534594
1620 819050
3866 46020
2580 152411
5291 174744
4670 700527
1186 993676
1557 117734
3127 413676
6206 247043
393 817158
3133 74519
6155 357748
3385 709024
6203 69501
2686 637770
5192 992827
3245 55667
7770 901828
2351 290955
6380 676487
4409 172357
6110 898434
232 695062
7866 877020
7631 355387
934 896246
8014 406956
1842 621473
732 891236
621 127738
7152 8634
4196 430416
1213 951179
6081 968230
4312 162478
1839 490907
1289 372379
636 632235
7049 114891
1928 393057
1366 761043
2290 5894
6867 677881
2544 550872
7908 688654
1037 759702
745 194990
5805 92846
4853 199672
5453 801039
894 871804
5077 275211
1293 28701
5775 485365
633 832787
7233 645696
7475 178324
5297 707643
5427 462669
7143 899518
8183 291809
7898 413048
1019 919109
4843 663431
4423 134362
4179 698257
6523 241469
4872 615050
5496 46266
2816 585055
5347 765291
38 428764
1412 75202
13 969030
6722 830048
7389 294989
6081 867811
4465 690542
4554 311071
1 49618
3150 838810
7702 994993
6239 919019
134 242970
3998 47959
6021 566517
5046 681662
396 378676
5503 922321
3021 725765
4059 459657
208 295704
7818 824424
4984 777758
7898 580915
3078 591696
7687 917413
6040 643096
5422 751144
2971 948004
1963 67518
5699 618995
2943 409743
5821 201514
4376 631663
5776 790173
5618 432656
8037 977438
3890 815487
5951 373888
6926 724086
6169 75052
6222 779069
3427 954541
3564 462636
5125 204295
4995 366659
5274 395454
5175 994327
6161 393640
7028 158827
1230 898407
7350 73768
6606 88419
2231 420919
6062 46338
6662 833820
3523 362138
7319 274777
7110 524334
944 846213
4999 695166
7107 445558
4025 949251
3018 813770
2792 57699
3096 762397
4765 709521
3209 432101
6376 806182
5072 796217
600 436647
4434 265521
5767 901170
3621 683044
353 543446
1352 375736
8102 887783
5222 810143
5018 608848
4438 292428
1156 86013
4150 257392
4592 136603
738 590851
5559 213339
5798 343477
4619 845940
3280 496935
6422 842538
6884 382159
7138 81668
1752 698578
3411 560031
3523 207433
7157 678865
7416 2099
2760 495507
1601 343810
374 608102
3224 594831
3901 334115
57 209683
224 661968
5981 356265
8109 787690
3117 846925
2289 665658
1604 593530
1754 778005
6992 217827
7746 49139
5146 186164
6983 936391
7768 562869
6738 697123
1318 81538
6652 136242
3445 342852
5850 870881
6396 205044
3273 365368
4923 788426
3146 514798
1306 79849
4159 745459
224 360651
5538 131318
4336 577787
6423 456417
1963 622831
7093 564171
1437 322832
6585 750396
1776 999190
5653 232791
3892 881402
6869 421874
6169 106318
2942 604141
2136 126177
3397 798062
5888 730327
3282 481840
6484 965003
1438 281118
6491 171066
5919 285923
2803 508303
3618 196469
7979 471667
7314 792116
4888 79447
1479 212015
7598 545704
3114 89637
4885 19817
4739 90174
3841 703333
2609 933332
5400 639171
340 137553
2278 683152
1901 985791
5306 760660
663 672079
7790 730981
3756 703362
907 784497
1785 79809
3819 764020
3992 412988
5995 13348
1157 925919
3920 357631
2692 232214
7638 424422
4674 11221
3953 792437
5406 487881
2074 994623
6227 266852
2726 880371
2475 148049
8032 993888
4343 493949
5591 727146
6862 346038
4673 756708
3455 970180
1291 790170
5733 957046
1500 988592
1011 164798
2126 280769
1350 169177
5972 509187
8136 481219
1695 339258
6510 981746
5574 525889
1960 557685
983 441785
4232 73245
195 124814
3822 576020
6044 293453
5666 302214
3681 500073
2072 766403
7369 598359
3413 25773
1420 860205
6932 224782
5326 977642
2613 498629
1752 734024
3959 876528
3809 294760
5327 579453
1723 200775
5244 170838
5114 49851
6433 908572
4408 287470
5074 542088
6413 898253
4785 599080
6149 586233
4056 78584
7847 149137
7229 392660
1210 128286
6179 757756
3180 13989
5205 18322
8023 915712
3389 644394
7618 421362
6271 864242
79 829210
2474 383697
1808 835955
5950 755453
5486 554896
3118 739819
7009 113045
7839 259380
15 544711
4985 96756
2373 52154
7432 703914
7332 777892
4038 591448
2046 315992
7219 822679
4032 772888
7737 467272
8122 118330
3958 734584
4797 967905
5950 913393
3031 672731
5310 1553
1242 378302
6334 837698
755 528027
6839 577042
8024 564824
4850 548662
7113 17562
3541 918418
1871 574045
4855 19704
5571 988914
2241 272699
3543 116753
4957 110208
5852 35668
7692 338239
5671 183158
3423 167546
3567 373580
1057 723790
7944 251344
6658 431300
4155 934530
3712 419727
4786 291472
2868 309798
1324 942189
7050 948591
4485 269627
4109 81558
6147 707097
966 481343
2590 934716
3472 796614
351 556326
4649 127646
7002 713860
5050 157705
2251 4035
2187 742288
7861 245650
4173 941042
5682 208274
364 206231
7106 10444
2620 551573
1108 903373
6372 630676
7071 119482
420 30790
4351 215430
1536 730654
3718 221688
4713 347523
5031 259384
4685 235408
7634 333176
3875 498806
3487 953466
6959 767929
7796 192136
5699 390888
1613 824995
5746 314630
1696 516706
4750 841518
3468 398316
7610 335928
5100 702754
4467 653138
2350 547406
8032 808285
4230 574021
3971 497496
2753 591828
2349 16707
6204 141245
6019 510414
621 296471
5090 977205
7374 523825
724 708193
4460 394742
6297 644751
473 660
1376 20544
6782 775913
5292 152202
3371 90022
4343 688228
3893 217612
2721 965522
7593 159374
8009 991136
7478 908852
6629 163138
8147 564207
7902 45174
5023 333773
2365 440606
4091 171237
7386 803417
1486 966424
1528 492502
1246 567637
1819 868003
531 737329
6640 449843
7360 478800
1707 111776
7239 819813
3513 172498
1610 513842
3247 912096
2504 641281
1511 330160
441 789899
7232 943730
4337 832339
2495 315231
7502 603614
4202 823116
4088 228494
451 228884
921 751179
6763 506844
7329 876628
4266 764870
5202 991829
5614 587708
386 580144
7902 341243
321 651997
3677 868993
2323 627130
2353 985751
1632 344511
5375 546362
1046 839541
3106 183022
6189 989962
1220 998758
2872 219946
5163 510846
5433 194435
4038 643927
5170 962054
6132 47077
5291 654877
7118 728603
7216 64084
6446 403328
5433 400405
2355 252930
2753 796973
254 734783
3957 166984
5864 389428
2737 700411
5846 949324
5255 395988
4455 904801
4788 537148
7983 985473
7866 890964
1777 765861
4223 913948
3640 44822
1786 393882
7158 367893
4912 734910
6338 945292
3916 454426
2797 237267
3160 380924
7722 77400
2763 82326
6179 638261
4760 323330
1767 544805
7187 805622
2176 586953
5419 837928
4635 70008
4929 482025
4642 835541
2441 665884
3205 619547
3185 564190
1267 794027
7559 888514
6570 919718
6078 144730
7315 962444
6655 343650
3974 651048
523 473014
1218 120225
6495 920660
6432 185392
1584 944315
2701 44514
4562 107008
8017 759162
6065 754177
3289 307615
3521 716597
