895 495854
1264 326134
1883 519908
22 732615
1674 901726
1459 515215
890 773280
1801 95700
376 447408
1963 608958
1509 824088
1527 439472
1993 771291
735 928998
40 686557
251 135538
280 40677
1566 457954
1674 345290
590 173638
1390 491533
375 57080
1655 56076
1973 722480
1695 547768
1097 980509
106 836111
719 117561
1235 773551
561 809416
673 278529
754 804048
1681 374833
1601 933536
1289 873099
978 106939
1877 337674
131 920789
453 568942
1423 10568
1708 16432
1110 477888
1146 559438
1164 109132
517 777599
791 660959
1616 133295
848 259814
940 300971
1484 247141
1914 635280
282 367493
1207 367191
359 1365
711 851476
1751 608318
186 785562
1160 1165
819 1548
94 579438
1460 588164
1410 23725
1781 481648
467 695513
487 56537
1360 705988
231 371146
251 944885
1382 488104
1230 546492
961 514609
1525 658635
1575 222427
1461 812677
2041 27898
1076 816496
1573 261285
1717 839617
595 641838
214 605093
1862 545319
922 364003
1315 931629
789 715523
1450 327772
29 976795
1256 77446
90 595044
1985 558196
913 497264
1196 623810
600 325277
1719 413949
1211 564060
1473 326430
1945 545509
92 262887
1138 87549
499 667163
1355 997620
21 922339
21 824811
692 413200
38 957485
594 261760
1119 620827
1990 899964
1191 932765
1224 184879
1699 154807
1520 754903
223 234344
778 2176
1802 483902
715 999701
541 134368
483 531631
387 264269
1134 765755
14 125164
1719 882042
2031 662353
1652 19369
837 793516
186 716888
130 6483
1642 31870
141 276797
315 825790
767 457555
1724 628137
1106 801235
1820 183182
1116 674556
173 585727
1324 420281
1636 223440
460 50626
1630 87549
1378 766718
137 999451
838 256223
1728 173615
1231 68477
427 400938
1199 946847
469 34843
966 212298
173 498729
1041 670733
1494 504406
263 375924
1614 44404
1803 211792
1530 452590
304 737266
287 350814
1353 702136
1913 543763
156 361759
61 429150
839 810085
1141 645191
1192 312293
1886 891746
1774 832760
1896 33690
942 407272
1171 417200
1567 419317
1100 331906
1453 812553
446 974454
304 444014
235 173431
196 435278
1498 408391
1547 696143
170 247516
1147 358946
216 263709
389 765002
28 725576
1118 10877
214 971983
548 316476
1737 297706
855 515244
1839 443448
1020 261655
253 163624
1149 121946
436 996841
747 564348
339 742415
820 146595
1275 517996
1720 707540
554 627593
1699 193379
678 290501
140 21887
877 671162
1783 436978
1177 745815
429 834716
1811 605141
1134 109211
2006 496424
621 235070
1014 151826
828 211162
2029 116379
1246 16970
222 527889
1446 64372
427 301927
1455 60597
1527 535090
11 81032
477 599120
1165 782562
1404 889600
1096 340783
1760 425278
1320 831863
1204 298468
627 241717
575 611501
207 825499
2033 470379
607 436724
907 373236
1113 429544
2000 725906
732 990260
865 511627
1373 136260
306 449873
1729 22535
1106 982737
1943 554950
536 513453
1836 937224
1653 534048
1205 742977
1633 415040
1709 559461
1182 214611
1352 893199
1189 774378
1131 405261
1492 864243
1302 136881
991 361492
1110 383031
1379 657227
1562 935195
1287 713804
1921 303736
794 141154
571 597359
1390 950451
1537 328375
1548 856457
383 399539
1060 19944
79 304578
1221 513773
1199 502930
867 674383
1428 734562
1459 551033
1683 467260
1532 316832
1401 420788
335 29918
320 400578
1012 547711
18 371162
29 906012
418 111217
136 784898
1856 317018
1727 431370
807 763035
924 476691
772 832999
840 684850
1914 406944
1172 61286
1913 515596
1258 650393
1223 460573
1145 169803
1150 514686
79 515426
881 402754
286 179982
922 88555
1008 968700
327 146407
325 979775
567 436153
1049 102199
2034 662792
1417 120647
1919 635345
715 840338
738 274523
137 342939
856 959736
246 964658
496 424327
485 432825
1950 425189
341 975308
1866 727526
247 57501
688 336541
1650 713415
1937 649502
2036 282471
1194 623741
1674 64436
484 931790
1003 25428
1875 744623
145 933956
1081 384393
369 213455
918 748564
822 411833
1757 369966
1793 395832
1757 9706
1321 766803
821 188666
1443 702725
1373 474296
1824 155787
2026 357805
991 735381
1295 944382
780 657084
97 477827
1594 596969
1394 88851
593 714551
611 285989
101 872950
1430 771799
1973 938600
236 495386
210 281814
1345 470017
1095 885697
1165 826300
1737 357955
129 805503
931 596712
1450 366188
1782 971648
1297 738348
376 398806
421 770356
751 688157
1536 245964
780 133161
1823 255776
1287 286666
71 920339
1728 570058
1401 728789
1595 168680
1996 802335
334 439979
730 146211
28 919502
56 961673
1269 685616
994 319411
1928 463919
639 116509
1905 117313
60 608841
1706 284353
1589 655003
13 790295
1537 998718
580 676169
605 314355
1387 487700
50 962952
1131 931256
39 782228
71 845015
293 20378
2036 859470
1261 632856
819 809435
1145 204144
773 583627
1601 622645
1096 38596
1277 991841
1655 673487
1707 780246
1072 629048
890 918077
1830 800798
1479 135290
661 966806
1288 693626
1065 474276
775 949036
1049 231440
354 920389
370 991368
1668 23134
1325 76943
1267 740153
883 758515
1968 880272
1454 161837
1060 195691
1187 28203
2026 56198
2002 752064
317 97630
2003 502747
753 174519
1424 74836
1919 584699
545 899967
1024 903178
1582 99577
900 176808
1414 467857
989 369458
877 167473
682 99895
1690 188875
65 548126
87 545911
78 418907
688 161146
862 883339
1896 279494
1435 840958
786 308683
920 31692
896 735625
1619 618994
1995 899462
1709 908272
213 745737
257 924547
373 164287
888 328502
763 688840
1207 259877
624 940341
59 625973
1596 861056
1786 617355
1828 420104
1537 957013
15 334568
602 205169
1313 597024
124 612925
289 121965
1613 824078
30 358320
1665 620107
1750 870496
1857 219932
421 35814
602 802197
919 312226
792 274668
866 980153
268 936712
1336 344315
363 162960
27 781313
835 335880
1859 286281
1440 882375
1706 294363
24 859255
477 38410
252 31833
1764 993075
844 588295
1335 152938
1963 22909
553 2598
1421 950940
654 737537
1918 118242
543 236109
475 298897
2005 465792
49 25597
1536 896485
678 169464
1495 856096
1639 148248
599 930526
1233 185511
41 738724
1558 179000
853 123956
422 770734
157 47920
1269 254488
1342 757921
961 685154
493 634456
904 903533
127 491069
1920 151624
1511 973289
180 124135
650 531502
1472 51323
1270 256006
1173 650568
724 222611
417 188344
266 866081
180 427024
1601 249261
788 875679
734 520300
270 193055
1151 441937
1712 818007
667 23384
175 224864
509 241441
1852 3702
663 487715
1476 695850
677 652757
48 753782
129 180921
967 274053
1216 218914
1641 702376
948 821016
1032 101277
713 88435
1127 982442
244 626028
133 109982
769 855573
1995 75752
194 482045
342 412762
1352 861025
476 764181
1449 160449
1516 582599
175 304371
1933 346043
1199 392543
1545 892883
742 942127
1266 5454
782 63950
37 110089
1995 235899
1382 300694
997 81717
50 475813
214 921766
414 842940
1850 475702
289 961119
1756 329860
747 636780
612 338452
562 11777
1023 289712
1701 753110
1660 378627
709 255026
752 477319
894 622611
79 294503
218 580878
512 320340
87 826185
1069 996285
1145 844084
98 613105
279 68209
1302 659510
1245 385753
1095 364577
1763 160205
761 194515
1057 484203
1688 565680
482 830654
1889 77146
387 259925
308 859108
1746 500771
1613 877145
1043 820175
197 230847
980 460888
847 890391
1504 434216
1618 837254
790 263888
749 176869
1392 75324
1349 857048
151 432826
316 537325
376 57884
2003 155108
190 451754
885 311344
1717 93413
1301 561591
309 425474
1187 531988
1562 113953
1062 556743
724 923068
549 678817
1217 782622
1955 510877
662 30001
753 238891
1782 348785
411 175482
1144 998910
1000 463281
1805 914065
184 915215
522 608093
1233 404893
1998 560620
1865 899470
211 176115
2030 376464
1866 501994
1810 372726
852 218254
1365 994057
391 886469
1202 389435
841 882234
833 253566
1136 43479
127 189767
1687 731740
993 876434
657 196224
1215 982693
482 528396
610 142929
79 933485
1190 360821
367 126837
447 730647
1103 466339
1730 70121
371 552633
1808 159226
1065 251429
672 351972
484 497495
1758 216671
1105 560895
110 427492
2011 517759
49 435959
1041 774143
1854 533096
1670 46348
1033 422838
1621 39692
1238 324339
71 962333
1465 776939
1905 393836
1741 549475
1702 24634
2020 974820
1870 116654
894 38868
1750 509340
885 879409
660 82703
1937 113130
1079 650158
124 979756
1207 946228
633 893888
1664 203629
1440 259706
1814 679927
1947 789561
452 793718
457 137038
1240 783451
494 753749
1985 95036
414 407067
622 284600
64 872907
374 405282
1986 900485
979 369259
1683 344118
1056 264692
1276 81734
728 299490
805 24439
1781 834539
2010 342247
777 515386
746 28514
225 60438
1163 386743
1202 991264
684 997676
1472 500211
1619 38005
2040 318520
1720 793181
408 429142
1315 416511
573 210539
1826 810384
1122 408369
1972 537517
1763 940915
1710 247680
358 528864
1546 440645
1147 85063
232 196071
206 135060
541 937745
649 394508
1583 77907
409 761890
1644 17009
1925 64678
246 954419
571 65193
1061 602989
1446 178170
172 957872
534 863304
560 45406
1769 414360
1564 74049
1703 284964
1083 729522
1461 708122
909 860158
1561 7125
729 69412
1588 159902
1399 999195
1468 699510
1378 534194
1 192719
477 158125
587 386637
915 316634
1524 865320
588 902539
637 543604
406 320475
395 210151
788 348689
1839 499908
107 578906
1875 523439
959 237805
1683 566790
1722 842775
407 888071
664 251294
658 666194
1214 560471
460 636292
1787 896293
544 801237
1435 401235
578 760788
745 658832
848 729046
288 48853
634 500637
67 52152
1405 301818
743 327824
1515 288661
498 742410
1445 384681
1105 505654
1101 220125
1905 467330
336 833352
1665 41271
268 119505
1976 174518
1374 400398
122 840958
618 407136
1194 57880
479 485665
559 11632
2019 541094
15 289515
1603 108031
1468 634541
540 877230
1984 353332
1306 124569
841 369244
608 63131
38 209387
1761 574618
1201 888285
435 807553
1909 768589
1453 595300
1211 478867
1559 202690
1780 351762
462 955190
650 250802
651 374308
193 876429
1415 322314
462 881862
1685 249054
1538 910426
569 253729
1940 326549
585 191914
1368 783204
1621 760535
807 432721
908 314492
177 592096
206 558315
1461 918309
1802 498609
604 585789
1447 551207
969 668258
1983 974164
646 38063
1428 731923
1908 936907
359 825457
940 165730
1810 10911
1868 209459
1957 615333
164 402732
1078 980943
121 34852
424 933505
1772 66614
1767 641671
129 945797
1606 479988
184 706438
1575 876280
1268 684230
254 247919
2019 833811
1700 846233
988 456859
863 557958
1909 196829
1842 239292
1732 241600
219 99769
797 745756
128 368546
1813 89238
1440 662633
1279 299877
501 527050
1600 973582
1337 566068
1760 48085
1567 201127
1533 910164
1389 216164
1360 470054
915 313665
1778 103922
37 331449
854 779308
545 555589
440 377571
1473 615608
1822 420850
108 386160
1788 73251
1852 405151
955 993543
1130 463964
575 631018
1756 611026
85 828284
992 752459
824 747840
944 574911
1892 742402
463 719883
1360 701532
633 724910
1463 329012
1664 291745
1010 108350
1896 198848
1153 685511
1080 751239
1 518818
821 562016
466 873711
1421 880987
1670 336827
626 69348
1530 216423
209 225172
1753 415619
122 515432
1314 914880
569 944554
23 146662
1430 326006
551 204210
871 883452
600 580718
553 360698
1831 421361
963 756777
465 381966
1635 285624
826 273748
931 542850
1051 583224
808 557482
319 624080
1078 778513
723 588815
328 127301
1582 997539
272 548623
1577 19692
1451 779736
625 546764
108 223267
793 408337
1645 89465
631 184864
622 839893
50 238864
172 521535
101 699362
958 425908
1232 723981
817 742672
1886 874119
1353 328822
120 542087
102 47367
612 409257
467 784690
1915 509009
355 966100
1596 218821
1005 31799
1121 581398
516 675188
1776 698919
12 417891
1589 464398
1439 801703
349 476353
1895 915455
1434 718617
1522 651793
27 157743
275 847157
51 473335
1755 201195
1789 492880
459 505244
1052 859201
1809 708363
1374 690146
1831 665536
296 608632
1310 544327
1344 779835
668 35149
107 233476
1391 123557
2019 554301
732 777308
95 42688
791 38238
260 712411
208 892440
58 976209
1881 686409
296 219241
486 769530
164 413549
1816 444519
1230 802568
1520 725128
357 299115
1974 816652
1052 417721
1729 679819
570 219087
1700 838146
1853 441081
1030 908765
235 156468
1172 241866
1880 456239
862 782391
367 43029
1264 981159
804 206694
136 505092
1013 852317
1460 548677
884 113084
1742 462930
223 725453
2028 848838
1146 229921
858 298380
87 549318
715 22286
1153 500545
1586 143987
1387 202345
1907 68175
489 470054
275 708344
944 627220
1846 643923
2044 508515
770 448007
570 473627
926 344813
1113 32771
1827 45680
1900 304678
689 370378
1736 596257
1004 460996
1871 973792
409 956168
588 179573
408 172174
427 655921
1205 940498
1765 916507
600 933986
1956 849655
1555 941284
34 377836
1342 285936
1282 419285
1252 252408
1233 379000
1328 34948
1578 473047
1793 496555
1085 277824
326 820764
1030 106611
332 112791
628 443851
686 342071
405 509256
1830 923308
891 457843
251 145747
316 967112
1698 421752
1233 225016
944 44485
1490 45784
1816 218674
304 826105
1258 376777
651 755356
71 474358
1726 218669
26 300553
1884 32681
1540 696529
32 293601
1972 324898
411 589430
831 67497
991 983585
1687 242918
516 527131
1211 639625
726 199340
1883 691185
1806 18483
1977 836018
446 60527
1566 913258
238 166838
1270 263445
590 92478
1644 215624
1029 837450
451 866722
806 101980
240 614546
1053 998327
997 399532
605 986461
1316 212061
779 763679
107 478853
958 775612
1668 976817
848 713607
721 349603
417 76882
1331 266585
1829 952650
803 275251
901 361039
1388 132922
1203 251659
1618 100172
1207 233924
138 289678
132 560497
1656 287456
1127 427276
636 132603
1162 534965
357 216602
557 302336
1076 469371
235 46633
53 128024
53 984958
51 558696
54 945054
1417 983313
797 379058
713 973868
1375 573300
2016 533411
1056 557617
325 896027
944 821062
138 823536
530 271782
378 641649
78 223272
1516 250015
1265 729028
1060 28848
251 113375
1410 275329
27 320976
1293 130992
541 384043
869 399098
748 665830
1251 971960
1960 440551
1671 746920
214 692068
1884 405719
786 557067
1512 286682
143 73338
427 907822
1285 480315
1312 652765
1618 265152
1291 714585
417 210405
502 896738
1818 570180
452 534321
2003 220510
1659 130228
1324 8394
1394 593070
471 93749
1781 875742
1827 256355
1612 216833
1259 173674
1752 175929
882 46868
1843 981372
794 588019
1012 150164
658 279027
360 176216
216 114822
1497 704267
518 536222
1615 435791
1046 371645
658 200260
1026 449438
920 686466
552 667130
213 248550
1779 951809
653 612946
683 432907
1163 165776
1267 86259
115 207526
504 552063
377 788314
1902 754116
1747 869889
1470 41648
1527 302650
926 424837
1316 462545
573 810751
866 841190
1851 941994
1081 400242
591 924022
754 546516
381 129825
704 46264
624 314787
1489 524417
476 954386
1264 81505
371 566455
1505 66931
802 418064
1354 186987
1335 938156
1666 74946
1727 123970
1598 653193
1747 350252
1748 402987
769 973980
1522 530412
1475 877803
1535 906099
658 865521
1231 758009
1386 70698
1045 535295
237 870078
1970 361951
1761 568542
1648 358294
58 455972
1445 236776
1210 644796
576 350478
570 523227
1229 240857
983 608875
1809 50238
376 598148
5 714964
130 765604
2010 533878
1569 222113
878 858005
1158 344788
1498 806814
688 817271
1386 739876
585 172110
691 887932
1332 34909
1148 843572
1454 821205
1209 142047
896 536190
844 365277
935 800914
1657 493767
1759 452711
1055 708096
1286 486875
280 742914
498 213329
1056 164320
488 220534
15 49665
1453 172419
1927 477306
990 627339
1822 224578
877 507132
481 39731
1717 358446
935 685269
448 89385
496 279648
1707 483345
336 18783
1714 835356
896 388642
405 203663
892 836007
1542 958159
529 270687
753 163817
1228 497045
1287 175564
5 641252
206 209875
1523 650440
1439 685229
1781 506059
1648 627752
1954 48826
1660 659563
1301 683527
1930 979608
1214 376923
317 567088
93 664301
909 654059
438 67523
1048 380332
1951 379320
147 621257
408 772257
924 124936
1656 225921
1629 368524
965 888235
73 246993
1274 944202
1927 835099
1362 989170
744 485518
10 123854
124 746691
1555 430958
1009 965130
1142 358071
1651 234006
374 631462
1864 291120
544 764300
1166 41302
1972 560126
1373 773298
907 880181
1112 413225
892 367287
42 123517
346 965906
816 407188
1128 451578
1937 642236
1674 691974
1466 608818
1445 608746
38 304080
1134 495169
5 872538
1043 351745
1743 26393
1893 584174
836 818189
230 133637
839 474146
1981 488075
152 935392
431 905877
1780 989649
1895 130845
1511 302421
1643 255220
406 606875
214 831995
961 739950
558 734379
1923 271322
1851 904256
1790 300141
1111 636725
1552 423007
674 640810
1348 603964
1137 494731
1634 532171
1893 950654
1343 816454
1509 938062
380 4507
1902 235215
1110 192687
1655 486921
483 666728
311 806248
1650 477298
1960 955776
451 191451
1431 116605
1622 740286
805 823818
243 186725
1601 180787
1430 22241
271 77346
1984 426881
1599 977694
584 697741
624 221887
648 37759
1258 330534
610 656400
1481 159721
1504 56316
583 633012
1900 31407
1109 7681
1315 247188
1744 931426
1556 460958
692 530545
558 395318
1451 214041
1184 78651
1945 350262
1679 832035
463 363173
784 614223
844 331589
483 540230
1831 360585
1676 523140
1757 60179
413 611545
1997 690563
1276 514769
346 667025
516 202737
695 360997
812 410398
103 791592
1727 236841
323 710190
896 603246
436 801081
294 347592
1817 967713
1375 586372
671 593627
1609 243097
1159 453554
1684 498309
1329 284483
1420 511102
212 586376
1401 162298
373 333831
304 102504
1521 799499
1444 137980
1984 132466
1416 686184
1335 856445
1843 643291
31 733808
845 706279
1240 748109
1137 659477
457 71207
362 220560
1159 879282
759 101188
888 92135
861 124728
1215 411267
1554 93423
1743 388413
1619 489808
1083 809884
1169 639018
304 527725
329 636594
1963 351328
507 282295
395 597425
855 694411
147 913630
370 390180
451 284252
1374 732991
1705 130042
932 214597
1294 709048
1965 238549
1421 582129
1393 5879
180 547267
1368 247972
1103 565936
1620 191399
495 892570
722 304307
816 719474
1091 65268
426 789481
115 421041
1608 289312
1248 847710
2005 302768
1279 923998
86 428474
1962 860137
2016 867439
1715 705221
1904 557509
1977 792407
475 450824
1708 756975
1052 893924
991 752951
1961 934165
1190 549932
636 906730
1017 139383
1647 659151
114 820211
817 918502
22 745266
1271 711674
346 426417
1911 915542
1072 414534
873 626621
368 967097
970 624884
684 598880
1054 964722
526 134678
939 674355
1069 924144
201 374943
1706 959073
555 593455
784 80504
1692 772119
496 716839
998 443493
81 363961
1926 344785
1236 511709
1624 343263
83 126019
299 752955
813 494788
385 996551
1791 885754
1673 636969
1942 734365
488 401590
806 782247
77 355467
712 442407
163 688628
1873 864610
1679 715804
1676 873883
1997 637316
1537 687920
253 15474
779 120827
421 316489
1373 789723
1436 313343
1121 845772
486 64200
138 505186
299 979876
119 30407
1538 309343
1734 543085
1022 498610
216 666427
617 332590
659 99027
646 205925
309 762500
1128 827891
2006 210606
1845 500949
1274 48980
294 896892
1595 718695
1792 522155
1722 23401
1898 468620
1259 704407
1873 47479
1614 13901
2 381936
410 191926
260 370995
949 927502
523 602196
682 640856
1298 532170
1837 246151
242 473606
860 729230
715 40678
1982 29663
1298 649930
1620 983508
1249 260928
1363 734042
1273 717059
1016 724741
1864 328164
313 377966
1218 36684
778 133006
668 323193
1219 507101
136 653694
1837 579476
718 93397
1185 228358
223 65177
1038 631480
1352 724136
1899 494736
641 74649
513 76488
627 110920
671 371656
757 865057
1039 414956
1112 813456
498 122855
555 342629
1235 794263
29 826595
185 670967
1105 595811
142 629934
683 474079
197 474948
806 462185
1883 875777
526 803056
832 495204
1726 879612
41 794802
115 470492
2041 983363
2023 782180
2019 456585
205 394070
1593 120769
307 741632
1610 761115
1064 56850
157 946074
1890 810317
1305 339187
1662 261926
256 328692
2024 433025
1991 81126
416 289411
118 743554
560 916571
997 891660
597 79317
963 322209
524 197092
582 258180
516 809091
1356 185096
988 284890
1437 273448
971 281104
634 750811
1068 733114
1947 330862
208 552009
569 180733
1566 229125
1139 495469
1666 151738
311 805363
1917 640447
624 285182
1055 279203
312 12472
710 233307
1514 651036
1156 625726
1317 414429
1177 800625
1175 825755
24 589400
1560 323396
1367 714874
1296 781838
485 8000
1282 514230
816 680144
524 172548
911 800698
23 309042
1116 784001
237 948371
827 789919
1971 456088
2005 20678
1580 605219
710 213896
1088 549988
662 900687
1216 240355
1732 608783
62 740171
1390 264965
1349 132662
411 674875
1081 175242
379 485096
1180 930652
1197 793174
1751 66502
1716 607422
779 185633
1844 978972
1043 899795
1469 339823
897 331911
44 121932
1078 874550
569 299385
495 4845
1456 171797
1235 99493
920 790757
253 248862
991 372469
16 226435
1160 550558
1040 586781
1793 321504
1956 274689
1176 533702
1070 394873
1675 174292
1625 635784
1970 302512
1189 320635
112 775022
1419 477489
1844 229684
1346 301593
1465 947398
1277 98749
629 407998
1924 516850
1612 364441
1175 88065
1523 68692
753 39850
876 765285
810 17944
2026 911820
571 116365
543 412498
797 531736
503 325849
1379 11765
171 901579
611 176189
1614 344102
1498 200104
1557 458634
1707 819239
1549 427004
742 154795
2013 254573
138 305037
619 41284
1167 196117
1396 865652
1927 514138
1203 261505
1518 576112
1056 712494
105 35752
566 80034
1812 139276
977 284523
51 984035
586 927115
130 192155
1449 901605
1451 14353
627 395758
745 917453
725 579677
1738 128014
1588 453534
1547 966040
1339 213572
642 430371
2011 18067
220 870653
739 893477
1544 73237
1662 997647
1604 557061
227 437860
1533 509782
1124 928069
1002 561643
238 668423
405 274889
28 732946
1394 111973
755 586414
299 968660
434 538948
704 171335
927 455178
1689 980111
877 327774
434 421862
269 327224
541 638353
788 440383
2044 145372
637 856848
896 269672
116 892321
1728 851437
112 379318
203 504065
1419 360897
485 115249
1344 926954
66 974005
69 953363
1663 82795
1730 823480
1825 286029
520 465229
261 887756
37 610871
1545 744750
1512 44014
890 488600
142 235016
616 309506
1838 507194
327 714684
784 20667
345 786269
1730 952593
154 84282
1509 230284
355 87322
993 805715
535 947746
636 780756
770 43275
1049 207238
690 451312
947 247029
1732 610717
1566 58652
723 140882
1198 946420
979 509461
1747 681355
437 414396
173 760317
1141 622672
33 468990
779 502651
800 608459
415 534609
726 448215
332 26512
828 61370
1604 701438
1900 59652
198 144802
43 314277
1611 102022
2014 342999
619 644957
1551 615467
472 248311
1747 457376
1461 98073
1189 298997
1516 889731
1946 89834
460 140336
1008 393511
817 472192
584 555311
1245 233351
741 326790
1557 268367
1646 196061
1371 159625
458 72376
1917 947172
1061 459253
386 97860
1907 23216
1622 79233
1315 139748
1532 360900
1875 760922
291 869762
825 672889
915 530398
371 350029
920 390906
789 91899
1797 43614
1598 148757
169 704633
1751 618999
112 584487
1716 648394
863 309676
1277 114402
1426 458799
1273 745781
321 514712
1027 609948
457 988905
1425 156272
1661 386926
1509 523686
1684 732443
1312 191106
1632 677020
1315 299576
1227 816663
1450 272920
1959 777722
901 245160
1804 195350
194 8736
1730 817539
1166 697491
1709 321560
112 883008
1817 981467
240 898967
1260 848732
112 332546
198 830369
198 678972
1833 913118
1453 46935
1568 278380
1838 371579
592 372549
1867 858238
1958 860048
1717 766801
1407 825536
1207 763777
1462 925988
1907 637209
1821 969639
295 949440
159 882231
855 33948
264 209116
1108 366276
660 462638
477 837569
597 482204
1494 336705
2031 446681
1614 473387
380 146860
139 662639
1526 810128
1288 966018
1157 733270
991 994142
785 52030
376 697640
477 926471
860 392267
516 569739
787 406507
1696 429044
168 534800
1124 771030
963 325091
1716 174262
833 37777
1042 60348
1734 685659
1224 380711
1535 549861
2018 112472
1118 573374
