34 483217
12 588081
33 175729
31 341454
48 580737
32 844095
27 389708
11 921115
17 264020
20 830356
51 726607
5 921293
14 924361
23 311082
34 88550
26 909379
45 333621
15 984822
55 331843
53 59411
43 654818
57 232561
14 707651
26 767797
61 360585
34 56826
34 280440
36 593295
2 634296
52 346845
0 864326
6 347401
50 464166
55 447023
33 785586
18 915099
23 75889
9 10928
60 317573
2 410633
17 798236
2 23255
1 220651
39 930763
56 841264
6 643022
24 293702
51 345958
4 999058
31 23413
56 536239
19 653654
53 56981
43 640338
7 971082
30 839951
26 579066
23 185210
21 997117
33 709715
56 520407
20 30477
9 26043
61 616313
