3781 636199
2086 243399
3955 671360
3856 124277
2037 196051
1352 952431
2492 350832
2369 249899
3302 49324
2441 500005
2187 192025
3544 271529
1398 286896
1833 876498
1793 786175
456 830000
3518 410887
3595 28233
408 995524
2875 786139
1134 69813
1983 135650
2416 529351
1171 233944
2137 188207
4071 505703
2521 22310
532 377642
598 964901
3985 343020
2742 399336
464 202728
600 754150
1786 596911
2858 397808
985 200078
2085 951075
475 400286
1673 709276
415 862704
3546 917108
1680 987821
2785 674035
2139 14801
1572 958369
1131 48684
1062 142994
1931 198510
2886 101757
2261 672501
3126 528771
521 440023
3474 788976
2784 841229
355 971716
815 69407
74 920874
3296 471924
3796 597845
2237 360808
3329 986520
1722 60542
368 635152
3155 349439
1700 552703
1291 77268
1892 489979
1233 307491
189 471617
2511 790784
2807 229538
2947 736466
3745 56253
984 910981
1191 654944
3002 677248
1874 919053
3970 389135
98 247128
1347 764150
1310 214534
884 217908
3025 576875
126 244211
363 985347
3533 11676
1251 992381
88 896200
858 183732
3076 177999
1683 123385
2699 122540
3018 478965
2875 649669
2275 171845
2130 654795
3053 84247
997 418265
3279 966570
400 718285
1360 682513
551 1512
3633 327476
1243 943739
4086 197627
2179 998867
2380 728435
306 842093
2480 695727
3386 724632
2309 814422
1615 431706
587 896058
1311 659062
772 709450
963 90023
4031 520416
427 80328
733 718159
1453 404382
2283 2209
2385 465433
2127 799906
147 265972
2265 720133
2834 245475
1839 340575
377 271470
1898 136133
776 496565
2232 116321
3971 562426
2495 113042
953 48540
1780 781573
2841 87872
285 939798
2652 108657
670 371345
2059 947761
1816 597903
798 528389
2676 390444
750 835855
3142 598236
3708 396489
3594 386741
2819 616468
563 722944
194 657800
2620 546106
2555 444184
891 532464
3385 861390
1983 500945
3109 264536
1146 923275
936 829955
4088 110300
1815 98463
2967 486314
2786 96203
2854 766285
2007 546179
3721 783840
768 521867
1535 510861
2311 330365
3030 122492
2329 493498
1150 575650
2410 674218
3452 469969
3998 844981
2505 729099
3919 817336
1166 634079
4000 26922
3654 580868
2620 56438
3215 732565
2918 599346
725 681671
3882 789377
3084 15649
3933 828506
1252 568904
3786 527220
799 722408
3658 68228
783 755598
1852 225461
2623 615290
135 41438
2741 83287
3715 836677
2203 80714
126 695223
447 672513
3672 892135
2973 259472
2471 304936
397 229826
2139 573536
1794 598735
3434 367373
1559 88418
3759 10032
3265 455897
1500 375378
8 275714
645 217941
1567 738563
1775 701251
3075 813189
180 452494
3146 43666
1006 824573
3747 581876
289 336373
1216 896395
3767 183774
192 471288
1826 164517
964 617534
3530 143466
1124 249124
1513 14209
756 737848
1654 339254
1319 541573
380 203123
701 658563
2785 134972
783 386517
1352 442501
753 840894
3378 336447
2407 944157
3 73484
1524 843214
930 368659
2222 726024
1742 182816
1967 625589
3363 776911
320 13312
1623 347645
2155 241212
377 679944
2788 941502
3293 933862
1070 391386
2635 17002
1693 140649
2319 49793
2506 704719
34 604536
3891 164395
1971 734841
2996 512853
1573 679374
1561 286754
2800 289402
3068 244995
3989 410026
2382 289548
3409 583617
240 917051
3810 213010
2590 791028
2672 865062
2519 346599
292 541630
1577 339181
39 673041
989 529767
2802 159648
2114 550963
3306 117090
2520 859606
2642 781084
1572 462600
351 300164
1021 563604
207 193812
4094 427967
3859 330860
858 982750
3501 168509
3483 879713
3831 577193
1449 477448
1114 341576
1547 843799
415 385024
3832 824026
73 304936
1121 781455
2925 397170
508 531757
316 688155
3021 841727
953 934793
286 86142
1612 468727
1376 986711
3003 902013
4090 482833
383 851644
171 640995
3974 331103
3836 388408
2536 758216
3360 795814
1384 671708
485 702612
2089 222517
1374 745787
2161 825656
3573 897214
422 777143
3611 116120
3846 944566
2915 342039
1125 541794
893 589954
3013 376598
1379 105143
2811 57031
1002 484315
3814 297553
2510 66137
567 277780
3868 785935
3608 830654
2104 336456
1176 977946
926 467785
1973 498128
1851 454503
3569 117843
3193 158796
3726 471963
2341 178065
1020 70311
3747 2296
608 168570
2135 571140
3526 324459
64 857275
423 688499
1407 762174
998 276969
1332 487648
4030 766293
1853 701066
737 835488
1416 47380
1734 728859
376 839703
3269 424740
340 646477
43 314107
131 240650
3962 884395
2767 116565
1924 919636
1099 18107
2648 271267
542 192923
1724 17828
661 982412
2642 65213
2854 677885
183 815732
1174 460873
3411 118635
3811 496360
1984 824615
1954 64413
95 222303
2957 884902
3500 97962
2503 683760
1737 810836
1172 923665
3386 901484
3833 349412
1180 493843
1712 72336
1908 896264
1013 419080
1991 424703
2851 845678
534 33412
9 601597
2595 514182
2760 529246
2997 935870
2809 72188
2307 732614
4011 118882
3491 816931
2520 857304
4058 716063
1468 677896
733 208470
498 454509
1414 715022
724 435710
2971 784102
2467 243122
1771 782587
991 229295
1389 965874
894 476213
1407 332240
1001 115414
1049 673605
1412 654234
1481 417588
3420 971685
1120 501145
1270 928298
1074 333426
3924 204539
1852 145743
1898 589374
3095 202437
3588 398260
1591 293878
2843 442967
3450 797160
1745 673217
3158 881113
2844 604787
1742 301460
1783 998772
3720 961896
2261 3479
4018 689758
3640 117929
2132 327201
685 232163
3978 284394
1816 767413
999 651347
775 132284
3574 973186
479 47184
675 328774
2463 941341
2903 658166
2344 177329
1156 378600
3208 394290
3067 368829
2688 647770
2169 50223
1059 407649
1033 154489
2167 244826
1492 254378
2618 872800
2073 885358
2620 146505
1562 511427
1882 767390
3316 125763
2710 137892
4014 984078
2207 943131
3069 428152
656 872490
1797 176020
1350 635375
2110 345107
311 543480
209 519242
303 816277
522 553695
2477 944258
3013 282384
3338 533634
3219 124258
3451 955173
32 231503
3638 302985
44 539947
2139 229035
3717 13789
2432 616181
440 290929
2177 938226
645 552594
2097 965978
3287 814178
991 862513
38 766695
3965 187333
1468 730520
840 250291
2130 427763
3668 133832
117 360386
1969 225178
1684 203828
3426 977359
3107 983120
2653 721491
3428 520072
2151 490123
3618 383964
3485 312645
2038 828142
2806 983469
875 121943
1080 771272
1419 479702
1950 249456
121 528332
549 992873
3936 738286
3534 731055
2903 63164
2872 108892
3912 793516
1661 78652
889 221763
1244 526099
2432 862807
1860 956988
325 782743
3381 572787
410 741192
3416 190414
1300 899707
1012 770232
1849 165233
2968 491784
412 660141
489 661704
300 378642
327 806732
1115 432110
1212 440906
2291 472291
3139 344372
520 449412
2708 909139
2267 421726
3476 868770
61 946842
2683 233282
444 299758
105 209003
3215 481142
287 597341
3162 759857
643 31089
3348 645335
2551 378930
3945 147506
272 273643
2397 729009
2209 499731
438 236396
1704 543922
1697 569783
2675 894723
1220 64566
3890 408404
2597 709456
3309 398747
142 34947
3792 565376
2224 261450
1206 424289
3828 991483
3945 460655
3431 241893
243 368219
1555 131843
2897 329118
1758 948087
2360 887864
2001 997848
1623 376490
408 463913
273 931744
1696 176109
1344 169121
3223 999481
2555 892950
2114 524546
596 130792
2655 222355
792 786809
3515 936919
3750 483574
2420 976907
2817 635066
3452 933846
3392 624587
2741 670805
1500 406877
907 855383
155 129885
3824 807933
255 108709
3342 155834
3379 194449
3228 733558
1892 175274
50 503809
2050 650744
1486 750289
1831 575702
2303 835335
2245 344544
2672 347971
4026 313381
159 294192
2995 312278
1037 172616
2392 351543
1590 913533
795 74680
916 552870
2478 934557
1987 859078
2270 981517
1930 980264
2929 777131
2197 160344
2955 320751
34 226115
2751 649951
796 740483
1422 840523
480 701996
2769 304533
660 515203
821 671378
2089 663283
2977 180097
3804 645675
1183 471670
1314 903262
634 914881
3238 283947
3244 689818
1429 414838
773 601682
3621 606509
2499 126102
2009 360328
701 783050
1948 467921
1092 504201
1752 297718
3262 746990
1562 182120
732 252004
1934 336128
1878 311820
1697 102450
2754 54831
883 427522
753 759526
2441 670666
2806 6334
168 807668
4079 283502
475 210665
2370 763044
1886 244751
646 513793
2787 960763
2191 870976
404 421103
3035 388636
2878 258749
451 865644
2430 673029
3905 583447
2157 859769
2849 657636
294 48779
1393 461936
533 388426
2929 123480
3927 29293
2879 830921
2118 348238
564 940849
16 680599
1769 546801
3397 987212
3224 990505
4001 581768
843 143579
88 733795
3170 396854
3962 263813
2286 29741
1093 230815
3019 695992
375 552716
1065 280314
1771 613011
2764 590261
1689 864708
3204 75665
817 952535
1928 812060
3671 542249
437 435630
3093 228196
923 75092
679 178148
784 847126
2771 97809
3596 601322
1641 434866
2066 577281
3127 695662
472 122335
992 577100
908 399957
1243 5184
161 719365
1703 195573
3970 784434
3729 347811
1942 589313
3409 392393
2311 306296
15 114513
2388 497925
198 485481
2603 665333
1712 70566
2648 1297
3834 943259
1771 3277
748 613527
1068 142795
1283 300876
3404 809658
1364 764291
596 695380
3303 618698
1288 966242
78 343323
520 592106
2155 511122
906 56190
769 390635
159 695558
2784 519618
1487 590237
3824 159366
3137 406470
2477 837924
2274 858463
747 678332
713 402883
2446 16876
1905 558937
3348 948885
2758 783295
112 517464
1772 571541
1939 652499
3944 123310
52 980686
2494 497044
561 799006
1275 115664
1396 152766
1670 36276
2766 37942
1252 56278
1924 804043
430 340690
3969 168085
339 305371
3633 472757
708 227442
1289 22278
3893 94738
3429 975598
2951 103975
246 264328
2658 857715
3093 962834
2143 198338
400 627723
2288 720116
1944 222838
2547 664397
3138 890314
59 820601
2587 277325
1342 88551
65 415496
2520 145644
34 656295
557 570888
3078 587111
578 510507
469 913274
2219 640302
3038 117344
3302 469553
2434 823768
4093 789606
3852 792362
3122 969540
2912 769660
2117 704118
1971 256764
3469 9771
3652 390072
790 567215
1387 104265
2802 956595
3463 820156
360 449135
2250 74236
1708 900171
576 560169
2913 972879
2961 622114
4023 552956
1615 989718
2762 871109
1841 566679
2503 402235
848 850706
2923 13486
2210 413280
157 5909
1669 602357
2032 185862
2972 256422
3213 5136
2563 43929
775 716814
3433 36465
805 352618
3858 363013
2448 862899
1043 986008
1221 523131
451 971527
1461 700997
3663 675014
3801 624348
2756 932759
2755 211794
3936 685660
3841 899788
3275 659149
1077 55827
2011 961196
3840 708712
3427 652665
909 414674
3506 52800
1979 375203
1650 174250
1521 928822
107 488488
1449 296225
951 140873
3928 578598
1835 756853
3608 608969
37 831903
2840 297472
907 700609
2871 225615
1884 751929
1818 858810
3733 597740
3358 351195
1456 532432
2466 903942
62 372641
3659 1772
1467 636321
2109 777841
1346 150948
3209 697585
944 902424
3377 413898
3301 909206
1817 11917
3195 65105
424 843900
3137 219380
2760 549919
1148 655521
751 38240
3630 203290
1339 758999
187 448874
911 96337
1706 552337
4013 455863
3716 94037
3445 122344
3295 94921
3579 811852
78 587541
2444 269918
3062 168659
3968 488527
1134 468082
836 527397
1769 409098
2201 940596
408 529958
2938 674892
303 679080
2233 245620
3997 810485
3132 871331
3115 573013
322 754834
2587 969501
893 449391
4093 362288
1982 994158
3675 614914
1031 240510
3140 884037
857 159597
2406 995932
1803 926260
2253 262110
3947 888309
3498 780107
2146 47554
1201 655345
1326 350038
1813 80637
179 202944
2012 624148
1431 340535
2307 339883
1828 392544
2501 37495
3958 462463
451 996315
4057 480896
3999 734906
3437 861984
3325 715610
3788 772859
2982 621993
2084 33454
600 468152
341 749171
2648 615987
2604 642417
693 350598
2690 793147
348 120275
3070 432700
1220 764864
2548 794687
84 255819
486 363910
208 270755
1949 92976
112 376780
1217 905332
2932 311115
1427 535394
1527 818437
2374 950980
1079 729496
1344 816268
2483 363535
3368 461436
1874 551893
1460 856213
4078 10957
1472 421231
3608 104684
738 198125
2475 801824
2507 471410
657 719247
1665 555190
2130 455222
896 449148
41 805812
2038 45705
1885 182705
3350 969878
1143 933399
2908 718557
4022 219368
2668 31433
1396 707847
3590 750533
4057 311153
3254 278927
3364 573278
956 502251
2752 923938
2333 68159
1415 608074
420 553371
2110 884453
1130 619433
770 554081
2721 541742
1604 813679
3503 199541
891 832968
2376 726112
2114 585462
3192 810548
1335 222059
4087 417461
1147 547484
2954 712741
2734 784214
798 737087
1096 862487
2618 690820
515 418230
3291 644149
2364 403201
4081 763565
2433 706544
1273 214393
247 864221
1086 425102
1285 173069
823 250738
2551 881408
782 111455
1973 205505
2875 554771
2566 673425
1042 171197
1664 178923
3838 441410
540 181324
2801 289520
3540 524410
2034 603868
2373 570435
1202 159534
2603 68773
294 204521
1202 701104
2623 669037
589 941611
3683 850659
1916 144426
3410 346988
1079 342896
3820 797020
154 564865
3510 330105
1800 971317
428 253497
3704 449977
558 803712
2760 125318
2712 417885
970 740774
2150 102485
2789 305406
2228 639434
804 175695
643 447764
2666 158712
3897 461123
3183 535822
439 806269
77 91187
3036 28066
1752 855781
3478 597186
4046 448873
1227 394255
1870 3371
3582 680892
617 387307
2356 734414
2572 743422
315 224724
3064 611837
1453 771011
2486 676749
3778 879499
3151 190038
826 506789
2000 2407
3818 345560
2190 677200
1004 480734
694 482887
535 912111
1790 231488
1927 559120
245 955375
968 847150
2330 572972
833 324143
1790 967468
1096 174676
2005 357130
560 709036
2665 650090
3906 440784
1053 956200
182 524329
1361 157406
1644 807120
1641 309800
3215 381448
1540 712096
3185 23594
2656 449990
3569 319084
969 171548
3218 300402
3101 733905
3619 467331
1399 371207
2957 163047
1990 792473
1414 908459
705 951434
2354 377909
2186 371962
2288 40200
861 314793
1415 655588
2185 421771
3376 708860
3944 896221
1919 44084
3102 371722
485 99848
2854 217789
711 483177
308 698073
553 204558
958 377997
1451 143971
983 206006
2013 379667
1579 695885
2847 828343
1130 938476
2173 526160
408 859359
1808 200264
2361 909796
1570 5894
832 954187
427 956944
3740 166695
1824 84892
844 838022
56 563968
2621 932681
3426 937628
3426 853394
2579 443567
1428 117128
3739 375471
3754 445583
1934 118322
1953 638890
2735 303928
3456 752350
1425 203230
626 351147
2785 839879
48 581667
1003 815356
1364 25229
787 515532
766 505718
2023 469257
3194 798137
2576 30613
1478 462754
394 202239
778 793715
2572 497232
957 534066
1402 173855
418 489784
168 67995
3055 997066
2559 355261
3704 198754
2562 590135
511 126443
2441 979786
3924 485185
2939 88493
1491 243628
3549 266884
2442 16261
3665 51083
962 678145
37 393275
3361 133870
3885 628890
2020 978948
2862 386934
125 714879
2303 348807
2268 104961
2316 202934
1659 761391
40 714022
1433 267380
3747 1032
1638 108950
2813 599979
3857 418062
2611 280434
169 345812
2005 282908
2971 512585
2379 117421
644 902380
2317 332614
1126 385709
1718 145754
940 24521
1505 194686
3698 13575
3517 873467
320 756893
2753 493950
2265 87779
3958 104935
2509 479459
3010 179
2238 930021
254 651319
2301 381342
595 449223
3327 855365
3990 835075
3052 622077
326 994634
2820 352084
1018 154750
3757 230177
1499 441681
536 313752
905 845775
906 567088
2852 927278
2826 685060
2392 626592
2592 152695
2704 378946
2125 142657
3733 629888
1561 887297
3042 598697
3481 447957
622 632546
1759 9737
1021 264612
1061 999837
2851 805268
3718 150874
874 654986
2886 727852
3323 460562
1167 517426
2186 120324
2761 495615
2656 354878
1203 949798
1947 149413
184 389688
2520 647835
1694 750322
2897 935324
1322 805645
2097 257773
1548 558021
837 462106
1570 848694
2742 799121
127 575114
2768 237244
1647 989623
1473 138917
889 962841
2876 714611
1071 707928
315 376916
2528 139231
460 617727
2727 991970
3051 932342
2721 697103
1499 672041
2707 842511
1314 414848
2708 400898
4079 635570
3653 482052
2635 131519
1714 971970
2462 238476
1394 757061
3576 34087
3695 550646
543 370795
3462 478894
1542 61519
927 465081
435 728397
3965 36568
1247 349244
3030 565331
2021 762723
1436 913647
1040 248894
3455 825880
4068 120316
462 925928
2669 118816
1990 915993
3205 254621
1213 800285
3578 327981
2666 514010
3392 304618
3792 322471
2822 945052
2707 850501
1291 624735
3049 498598
3467 67273
495 304565
2953 878087
3611 796588
3804 32644
547 528527
4072 261703
399 767725
806 54699
3518 487288
506 794064
712 714928
4095 746568
1202 999164
759 817167
609 249548
2552 571594
526 563339
3755 625946
1935 592961
1022 994604
3956 251238
2943 59202
3286 478982
1689 144559
480 991374
74 632700
2733 846851
340 204284
3754 601482
3389 156974
160 721720
2187 360619
2137 397185
1846 406056
1706 967539
70 27022
1529 623936
2574 881315
375 749214
3466 836051
887 215806
28 169519
2366 237536
1260 230151
1762 677170
2462 258691
2188 763311
2636 334742
3011 897103
3727 283535
2606 702078
1992 446943
807 19780
2082 8073
3858 401673
307 117886
4038 923733
1449 253563
1066 224849
2779 33005
3068 745877
754 329911
3307 791020
376 331774
1211 816510
3737 166283
1066 4764
2342 269282
3584 673575
1897 842794
1410 836318
3531 893084
9 384835
1479 233829
1432 574069
3782 676040
2352 571801
661 824403
1311 162490
3971 195148
3159 212444
3830 15697
1206 536871
1603 337503
3151 509349
2064 331707
3908 215597
640 834360
2752 740168
1143 185611
337 273470
3038 125883
491 487542
3517 369412
2771 280907
3640 443786
3686 478447
3563 491650
1708 659590
1410 624720
295 962082
230 565502
918 277445
220 599039
1793 341797
907 112829
70 109121
1493 347269
1935 78942
351 520959
1788 996897
2758 124314
1881 993849
1329 860709
4087 354205
3728 75709
3114 120940
3149 18759
1351 343992
930 136361
2332 803511
131 207055
2834 161052
3404 359132
3827 127671
1575 756225
1247 544133
1053 639659
2696 665694
1985 422384
3431 129586
980 732978
427 280311
3865 140782
1267 864408
1061 730996
797 30740
1463 608396
1470 530117
422 528635
1868 990201
2430 586036
245 649947
1425 264038
463 298697
1611 566115
3306 902015
1084 428548
1049 566164
3019 49649
237 729733
4075 127142
3402 262983
124 459287
1454 644414
68 982680
3964 872903
3852 230280
2947 633617
1406 908242
1124 7241
3398 786455
3477 880467
1670 492166
2341 308780
2004 461123
3600 95301
67 512522
414 55300
3793 75502
2280 682915
3938 367915
998 541510
685 172501
3818 807749
2583 918977
3790 85928
1867 470923
0 74273
4046 876577
2317 539617
3993 947039
1804 413326
2182 638926
378 774881
2756 631677
2137 692238
3078 178586
2596 621743
998 457395
330 457617
1043 677440
1775 620021
2187 14263
2148 4463
3548 933188
2844 113884
970 22115
3347 60894
3265 990033
209 326155
1150 570068
1403 705292
1612 259551
3149 403931
251 197189
1654 4149
1448 936399
1353 435092
3202 199135
2080 371949
2120 613661
53 906462
2951 975139
2835 117340
874 47228
1184 546344
1364 957728
3034 117341
2450 729122
799 966929
3192 626302
3361 845678
1328 668158
3522 974731
48 75192
3820 413833
700 86362
1208 646422
2797 319143
1211 369454
2179 120881
1033 762825
3569 201520
1110 773117
2199 530891
3338 346178
980 374120
2982 200009
4018 916071
1889 795582
777 23218
2619 203901
59 600367
2002 544392
3052 63187
3771 300096
3264 217326
1404 759810
1934 354714
453 16963
2926 728398
3923 981210
173 88964
2063 273308
2110 472725
1267 871772
3861 199539
3013 123476
1561 731889
2269 988936
3763 452662
1594 788080
2744 491241
306 90526
677 876671
2195 819076
52 958441
2001 315093
323 959201
2442 663174
3114 500324
2363 850463
2720 611512
1676 436587
3243 229850
995 788076
1634 159283
3243 75135
304 863620
2516 931368
1799 922901
3775 157554
1191 751129
3881 365431
988 511307
2087 704258
1230 819547
3790 609758
1480 862545
3151 807445
1110 22617
1105 755083
1736 434888
2005 444698
1762 336669
847 946622
2409 177084
3096 196617
2737 431605
3908 483127
1161 862954
1823 682341
37 434869
123 210055
3123 587843
1761 436100
2830 295509
2966 529343
2843 842970
3031 215895
1851 931640
1706 277214
3923 453415
1124 34939
214 632802
703 59620
3748 789134
1853 630062
1645 687287
3773 834114
2987 593167
3893 322526
3166 741873
3698 199308
2335 904668
1312 861805
1637 483533
15 32717
3166 236366
3748 409951
1216 633543
1156 301433
20 364786
1453 256403
1912 73510
3109 995010
1218 558465
21 120799
3423 764711
1597 664917
3406 884406
416 245235
2540 376676
1032 340485
2841 991167
2513 250014
1641 761383
2832 559600
336 670857
1091 831499
1863 935597
3887 598657
3515 654201
1011 143912
2354 689784
2619 329476
3513 642879
1479 178167
1165 144913
2152 257001
2393 107158
2434 280075
3498 642946
1625 312453
936 298059
2388 344306
3314 941338
1692 845174
1760 982700
273 505730
1830 38175
1892 491199
2814 342846
3957 246642
3212 38556
1147 596119
614 495357
3987 486343
2366 977599
1142 203503
3973 703051
3543 686437
1965 363449
1678 739992
2466 40239
2247 329349
3031 727952
3047 702583
444 352933
472 214806
3020 234859
1237 39266
3191 92921
1671 432412
2121 12776
878 855191
2357 163341
722 438571
1475 923083
2374 867034
3928 575528
3907 165083
2140 877691
3140 264923
1420 614660
32 399494
260 223246
941 562567
1672 681802
975 612506
2495 801416
693 845880
1153 877550
1684 782076
1093 936694
3986 602204
725 824157
375 438610
2847 854594
544 7970
512 435032
487 474226
3288 444152
1914 68205
3495 901016
840 309466
2302 127976
1488 394438
338 181895
3875 287339
1568 263224
49 907868
1441 321690
1598 512859
1221 774934
3936 222988
3152 382172
3846 712184
985 657194
1078 42888
961 341034
3839 311443
1505 346347
884 64315
1555 6749
2051 897213
2643 779070
2582 449724
2754 139066
3675 717478
3023 164188
1910 973183
397 920445
3164 332768
3980 155410
1032 960066
2562 249412
1986 148194
901 346010
333 778012
573 663097
1390 757064
2636 455737
989 950277
96 418472
78 465435
300 461981
1167 534184
3624 375695
2700 632336
2708 194033
556 955309
2328 759241
2373 353008
2487 472065
2236 527261
1917 304637
1032 103145
842 556484
1152 603969
554 639483
287 794370
2342 767995
2480 923071
1696 147319
1541 198821
2443 331196
807 387497
2414 943256
2970 952646
3159 854086
3559 577569
180 219582
3894 79174
1556 405339
3251 792301
89 723193
198 607964
2765 699802
1321 720658
3174 200406
3495 827254
227 914422
3932 342714
3554 901426
3005 657208
1808 959034
3086 808560
2322 920531
3398 142208
665 262884
1062 24747
1585 268135
3474 751022
3827 885057
1417 286088
1227 502348
2220 251862
1138 746245
153 560965
2404 442667
3950 955695
467 540056
1648 721987
1985 381608
2068 323746
176 989483
1506 652618
3942 484061
2744 791659
3658 754820
527 884375
3520 705925
1422 617752
126 739205
1623 24363
92 35195
2708 951319
1969 627421
3496 92467
1108 71075
2918 956485
2558 827218
466 43024
296 83443
1224 168345
2971 479032
30 578322
1626 222084
1531 389385
626 729828
330 44464
662 522878
3539 847637
3053 552092
2552 128193
3945 494140
2418 662788
2062 597242
3107 884288
1223 786019
1185 868974
2748 801667
1043 148900
577 699000
1125 124370
116 117101
1740 159812
3995 336614
4003 111230
3488 752321
156 350786
3234 667036
556 269695
1864 270592
3292 335138
1027 419446
2510 106319
2732 328577
4068 3158
1711 479128
2269 472334
124 792188
3100 695281
894 398639
347 934265
1291 79817
597 51409
3582 903067
641 317286
2219 142921
323 796515
2864 720439
3794 829126
3480 747936
1580 69888
3984 571280
1009 234992
3245 110530
1906 832358
3602 667992
3855 396630
3745 625139
1770 39870
2287 950556
1453 702714
2920 959412
3299 310434
1171 274680
4030 882998
2157 526963
3434 195820
1166 751437
2284 798520
2078 86236
3012 885942
2139 978024
2217 672914
311 970976
113 823352
1003 430824
635 872630
1678 725140
1668 896868
2019 925633
2079 491166
1985 992753
2883 121389
2912 809594
1816 822821
2355 675879
3822 387823
3574 584630
276 755825
2205 19066
3375 46411
491 854007
2170 16546
1303 692676
3998 305441
1722 369867
3893 902012
3725 852609
3587 174025
2430 897906
2562 288246
2141 172441
2356 307054
1826 215508
2203 493032
1911 271676
2990 996751
1686 872122
3740 323909
573 741901
2313 95767
1160 851920
2988 588999
2785 665815
3977 377607
3943 483967
14 473267
778 499212
3555 780573
2921 881984
3859 833799
1049 805917
476 182921
1022 665073
2591 832520
2584 817080
365 253176
1956 787098
835 235596
2638 235151
3685 650594
2888 474088
2136 312767
1563 78935
1026 854574
1356 94446
2366 284152
3525 476890
156 116362
3466 282001
885 311083
2333 540171
845 912150
2427 255313
3910 320592
1527 638099
639 437442
3958 220135
877 749750
575 929687
3092 127006
1263 572135
3196 616930
1725 868264
2603 28249
650 495398
2421 698091
786 587606
134 550437
2997 301875
164 671413
3687 977538
1052 564170
2624 362842
3822 223266
588 489855
2368 211445
3016 391875
866 662770
1049 503854
1814 966082
327 287933
2794 141152
577 847059
3284 909789
1392 610905
1809 300787
1180 249968
666 821760
1371 744412
1321 460836
3617 557444
3164 930371
2790 478597
3675 973103
1769 645235
1351 370206
2133 233342
2434 997717
4008 139478
4001 530706
1696 903712
3217 53651
2400 103584
3271 758670
1078 436361
3859 948467
1755 808198
1677 153133
25 921338
963 134129
3781 542575
3801 103667
2 204144
753 534010
3032 647481
153 429567
2327 77135
899 305045
3778 56855
2567 355126
2906 247053
2331 245348
1226 423993
3552 718581
2547 993073
1290 733590
2875 504551
3053 460375
3850 348900
19 504313
2058 258222
849 972092
1956 711258
2075 758723
2074 962174
3694 446735
598 739291
1643 589391
692 156669
1981 587176
1697 585559
3502 521405
1037 611612
2710 934747
3297 508850
2617 202327
3849 908543
1554 300455
74 920038
2988 700488
3313 369580
2888 38892
1657 473406
3744 103761
3111 298256
1322 708792
381 864204
612 858506
3843 926750
2314 158884
1629 278744
3964 77175
3230 210499
3980 892435
886 986715
1147 675494
3044 11182
1612 955946
1459 24126
3713 980398
2864 766710
798 859559
3145 650682
1630 26745
2833 835716
2523 692042
2420 628896
3461 693005
3520 352918
3112 239698
2646 532906
838 713587
1486 515691
3533 638306
1811 386903
3771 724407
2306 240328
3497 581514
785 127906
2134 782076
3894 819705
3512 438969
1319 3291
485 484326
1042 867240
1603 482405
2684 485111
2963 993223
996 919184
2993 396844
3556 144021
2836 918765
380 349284
3802 699147
3826 891895
1269 480489
2449 83568
2813 550831
4074 12989
2912 756889
2073 56244
2725 156178
2455 236806
4027 437595
2377 629250
3881 233240
2051 993035
2097 566813
3167 546036
4 893327
1624 957378
854 472156
1280 186717
2960 803148
743 28328
499 670614
2935 784524
499 380047
2078 678025
2192 626838
3050 116012
945 320915
1457 529885
1256 217681
14 945375
664 38048
952 830729
3854 182853
1099 46957
664 157268
2339 307845
480 353977
567 326119
3186 949951
3370 891445
1864 646269
3621 195818
795 816470
3576 165838
626 3540
3053 509767
729 786910
1992 617273
3820 540063
1074 916386
2167 773914
1713 630762
1239 5948
2794 248642
4080 829967
2496 772592
2324 975493
2513 955550
1005 537836
3554 58766
1748 272045
1167 468815
3017 29801
261 566946
2696 958013
2436 104857
2498 240572
602 388003
3432 922695
2495 87658
4051 103696
165 408399
2722 370178
2425 160644
2633 319974
3134 268500
3395 27475
2612 677427
136 16623
831 205452
964 15397
653 922362
2171 953731
3796 465897
3931 390
2170 80254
2293 284950
1622 909136
1512 928284
626 859518
2029 507822
3311 177826
61 219705
109 918446
3750 907377
2599 685131
2431 387855
3590 421322
3329 824415
269 97287
3614 175134
1269 919481
2730 121466
603 60431
195 16499
3297 601483
686 421042
2403 85544
3069 184115
2091 947352
3199 495981
692 516
1876 833613
207 711056
727 168895
3185 199941
1547 279617
1683 648077
349 210230
265 218028
1189 731569
1542 527430
2885 882429
1855 320411
1257 789599
689 480524
541 708385
3680 819858
2142 806042
691 595915
3306 149966
4087 962351
634 336271
2663 658561
860 335621
3829 17708
3602 842655
3994 100580
340 342565
538 341988
2261 715576
3741 174422
3808 949058
3675 151063
1456 469004
1717 69933
2633 759971
1218 896709
151 725439
2973 522089
95 948627
3702 669185
4076 254032
3297 541
3667 138456
164 546677
2120 94138
992 149036
1288 308359
872 324703
1918 213591
1341 537986
2099 779816
686 649842
1662 910701
140 745417
2313 338102
2412 913812
673 723594
4074 584163
1656 215367
1310 946145
2298 366678
2070 155057
1073 725084
767 803677
2076 75019
3931 26884
1442 563006
917 603826
378 296275
3871 281182
2505 899451
2818 615754
3522 51136
97 115635
1432 800225
844 470596
2946 466911
2998 406607
428 554387
3999 853659
3644 616602
1501 730948
1852 227733
1775 425508
1469 741618
3437 816856
3379 453438
3566 176413
3178 360131
3292 292304
1108 840300
3658 42964
2883 804854
3198 936928
3882 886650
4061 892615
3376 668510
976 115866
548 330587
2572 55838
3143 69464
2413 131910
3843 462624
2466 397833
2228 42759
1829 770055
3016 86133
2577 39345
3882 702429
610 446983
525 39222
2155 804312
1020 69259
3340 905458
1360 369889
1496 542057
1590 83860
2421 657838
2910 291540
3184 38917
2647 72244
598 51322
1135 978055
1490 430448
2841 18059
43 66245
4056 528429
2473 495551
3044 291782
1553 833947
1498 21705
3697 439614
368 603738
1830 853461
327 886288
479 594824
3010 990022
3060 122869
2939 537672
520 510065
126 877905
2697 417845
3374 994635
2738 320556
3928 87551
226 760302
2470 712232
3042 280613
385 483683
2227 707245
373 566964
157 897794
2394 418215
1879 265348
3542 382256
3690 931417
3354 401566
631 481735
371 922944
686 903117
3362 293305
1130 520015
3959 716525
3993 678273
3499 395773
1743 192252
4027 11311
987 655747
1228 5382
1529 943474
3691 953487
1462 220534
1432 718725
208 943950
2369 698505
1198 812408
1718 43957
2152 697770
2007 836604
2630 284010
856 486416
3198 841714
3000 717810
3917 617682
1724 538882
184 965231
63 938064
3482 323468
209 613476
2476 283146
2519 505214
3224 88238
4020 402012
1934 939330
3457 283185
2776 971567
2342 519880
239 274421
3904 552852
2368 304491
1887 38107
1988 804247
58 640291
1637 104158
1713 380493
1044 323552
1865 665197
129 29580
1439 721427
2411 385054
851 370217
3615 583636
1675 521266
1996 74586
282 790122
3076 243306
3625 827453
1941 503968
2189 142152
1277 371100
398 418644
2458 460873
4053 363269
637 644570
1511 253834
1409 416734
2399 646362
1783 54619
1074 157950
3090 769110
3474 568193
302 302465
2778 492459
2260 485852
2753 955825
1623 777847
3550 315191
589 270796
3558 697065
2546 580012
2989 560764
1048 307164
2646 258004
3032 561364
610 729263
3519 10414
2998 181029
2722 257720
3973 438714
2589 542779
2322 941762
2259 68109
209 680324
2205 467884
3010 344605
3929 943743
1675 563876
2405 626338
1099 854051
2731 122941
143 66088
3265 946406
848 924430
3495 875341
1649 627071
2158 138215
2714 315673
901 49022
2985 783302
1192 708838
1709 861455
1723 177417
3316 581959
1148 328810
823 406923
2020 398321
1897 836850
1230 191763
176 910023
3565 609049
1105 590582
1141 274356
440 622244
3708 388159
2340 624962
2305 970116
165 143659
753 162464
2261 193167
1572 598097
2557 21321
2959 707996
2684 655489
3795 203451
2932 933526
792 586089
2939 783317
3385 572725
1653 743748
2584 47531
2978 936505
1663 362259
3603 547395
3565 743702
3720 257133
1367 59998
3242 366384
1443 351388
2300 264806
2869 997956
175 580406
2872 806535
3294 86942
3696 971552
3224 578152
985 681170
1011 377424
1376 63131
1594 996589
2883 473957
892 764737
3716 864697
259 44964
1548 163209
2058 27653
1399 735911
1746 43521
2909 646247
618 507518
3544 353193
4025 312166
2094 933460
1247 987861
731 303854
1571 288882
1344 794136
834 422612
529 58148
1568 920401
2440 295538
3024 356618
1487 177287
1326 958327
3437 144800
2189 651211
380 981879
2667 722539
749 393728
745 336313
3160 132817
2989 207806
2462 297195
1736 355973
146 800661
2589 494291
1365 816364
1076 795873
2484 598490
2192 451542
2105 554917
2259 164498
918 24969
3853 590769
3378 442046
612 702633
2401 499923
3039 817708
3379 251458
3579 544840
3277 10889
2773 891868
1153 275514
1475 685354
1611 953412
73 93898
3120 340838
530 579540
995 784372
1303 184796
944 660454
98 965560
2773 761850
1608 683495
2356 312014
2826 696865
440 189600
1708 524940
8 204649
1237 53597
1164 595187
2887 22478
2487 203972
395 731408
1005 98155
2338 544011
3273 569985
2083 626763
2769 594687
360 326360
3855 91781
3081 164604
3247 54637
1692 636808
3677 739748
1524 445009
445 999582
3957 25169
1380 166325
793 928957
956 457273
1676 494628
2749 321983
2393 374803
2318 170390
1273 347
604 100095
3276 787187
780 400795
2114 412617
3450 177304
3013 829579
1783 560785
3760 766597
1111 522322
1618 833043
2960 725166
750 742387
1407 351130
2170 327747
1997 460991
974 470049
3041 635574
2237 323952
957 348860
3084 323973
3807 644366
2359 220170
2242 824658
3035 611880
1061 129053
3696 770962
2194 891130
2779 993067
1184 772892
1910 538022
784 305025
96 650828
262 350519
29 45991
3967 313225
501 819244
2143 534263
2331 21672
999 138830
2767 445757
3893 50420
1532 718631
1981 648244
1571 651125
1339 571287
2432 691917
3467 959139
2883 720218
3683 316357
3137 610609
808 683915
94 903277
2127 62678
3712 890833
3844 164885
2538 989490
238 934603
3945 66299
2216 344844
3470 434507
1811 540206
4013 967488
502 753846
1871 339528
1422 209702
1630 142789
1368 967507
567 617643
159 607406
3537 224259
811 240427
304 91011
1526 926475
1020 928729
1885 118107
2743 514005
1782 42444
3885 228514
810 992574
1696 206738
3716 730281
2738 417960
2555 21862
1278 641581
1012 848684
1963 628489
1286 75708
328 495106
3237 214433
495 566650
470 4437
1337 969280
1422 314089
2100 678309
2644 548008
3103 41604
3182 595318
1163 199870
1736 90486
2277 677319
2038 996440
2130 829148
3915 986617
3081 982150
240 472146
2068 250135
176 584441
3737 639024
3946 451187
2345 372554
3865 809267
1245 462461
896 679811
1712 801141
554 159596
3624 626300
215 876624
709 519763
729 606571
1282 324934
3520 446889
3919 124485
2658 645362
893 919426
1206 568651
2022 105707
215 591132
1876 811462
3663 79983
1855 46511
942 753373
2054 360605
3485 633544
2424 186345
23 61853
1251 259364
996 974353
2392 417723
2883 495147
2013 794811
973 599061
2329 769217
477 899301
1364 751080
2671 961287
3910 249757
3455 442789
3527 773147
57 254012
2418 454342
3695 139020
4052 407108
3902 269281
3543 829707
775 535945
908 235055
865 366815
2836 247894
1306 202925
1272 820398
2069 299349
2341 333622
3288 685756
2900 172087
2396 481539
2782 935899
1157 962925
837 677184
2687 823251
1673 806848
3488 726474
3693 950843
3272 741988
3545 395562
3949 899436
3526 568316
298 651237
1973 823635
2170 189336
1539 524324
846 208377
2607 11289
3954 430184
1084 660544
981 572458
2356 918000
662 38011
2257 893281
1176 624769
2527 909363
804 180985
4080 870244
2150 1413
1966 453362
3509 170078
1693 689603
806 116380
3225 567728
3443 616221
2965 955819
3619 181120
2723 922639
763 42607
1866 483809
3529 514824
2444 721852
3090 143642
104 53845
810 99730
3904 958714
901 895203
3088 791338
2445 113723
3986 755736
1687 774589
3746 677432
3321 203584
201 737937
3311 547019
427 690327
1605 621436
1169 828313
4056 637602
2679 739317
1935 513286
1865 522188
2164 147440
2206 676503
2588 132560
1982 431750
3393 631916
3233 655229
920 267689
1392 171405
1307 647671
418 785814
3730 24782
229 831078
130 274517
1091 739836
2302 381458
3057 467672
3750 118381
3962 271287
3394 324236
236 875487
2393 273574
995 467867
118 105108
1442 550594
1211 230431
3315 287613
29 680323
261 905146
3159 440055
49 952095
2141 516226
2675 832174
972 409984
687 560758
606 783286
742 407236
2462 869845
1436 614298
1045 886544
1402 243369
711 238758
3590 251743
3588 97009
1907 408874
264 196311
3379 723972
344 400404
1916 342752
15 770082
134 860262
2618 769383
2003 571629
2858 149432
3077 529995
3397 330029
3923 114126
3211 178125
2130 228347
1546 52938
3177 547057
1980 738216
768 870943
2107 813891
2975 479840
792 874668
1291 154756
1780 76277
1643 261345
3252 485829
1955 700305
3482 528968
1182 792972
2406 334271
1631 14200
3394 907491
380 421189
3456 185437
2197 636014
1811 569605
1658 506533
630 738988
2768 403273
1447 244817
2035 179459
1443 256818
352 126940
1799 565495
3654 784505
3830 366355
1705 843730
2553 161839
3292 887032
1917 820600
445 691472
660 61703
3533 767736
1309 826510
1251 481618
3268 397604
1091 177576
1427 676873
2456 399800
1056 156741
1257 323537
3596 839319
1601 820036
1066 550113
1646 206272
3259 228928
3184 994533
3181 113759
3028 552654
2344 806349
2544 141115
3709 603939
595 538392
124 300373
3136 87361
3860 998351
2455 410761
3280 473362
629 829561
664 219372
613 759940
3675 542261
3540 132436
3180 448322
2617 152611
2009 390536
2464 5533
1635 312757
1211 184282
1509 750878
651 858354
3403 978417
962 288429
1740 521025
742 381211
3925 841319
39 80191
13 181898
2292 301678
2700 720423
1423 124847
1833 961528
1566 286875
1392 775970
3008 540043
2900 926481
4000 717218
485 187988
284 209875
2680 678265
3750 701455
3638 428125
3611 469502
3398 896162
3017 834349
1437 807758
3630 772199
2304 382973
3225 758621
3718 306208
2446 530134
943 368928
2349 398131
2469 917648
1561 275431
3768 309515
1168 336993
3113 145158
61 822498
3266 441205
1806 700700
3958 686180
2977 383755
569 851182
580 695412
1433 200785
1001 746072
2559 697792
1050 642660
2697 318704
3236 13300
2609 640786
2948 925723
850 172557
2563 767107
1944 27043
2381 887532
3380 905541
2782 978350
3651 341642
1525 229808
3711 415296
947 226414
1954 651506
2646 159759
3678 431671
212 646993
744 658430
2064 630792
2777 130637
1931 732512
2282 432097
2474 444983
898 507986
3210 273441
2799 498139
3768 257155
3241 437099
2517 674060
3790 834588
2232 602240
3682 363504
2274 703075
3564 135105
3823 976372
2091 150129
1705 16920
1570 215535
823 843558
3107 742788
1432 846329
1591 155384
1239 725692
3441 472419
2480 63642
2466 898191
2133 603325
14 907806
2234 557551
3790 871458
3398 636173
454 45607
1757 581327
2996 505391
3410 748867
162 293178
2061 854554
3491 973672
2148 219646
1683 335119
1407 593985
1274 628486
1028 405328
763 218980
1476 168535
170 45852
3511 392664
3597 503950
1079 863689
2887 981484
1671 707101
388 507281
3109 911318
247 950709
2171 319021
1502 649518
2814 473927
537 465658
2312 61378
2124 41584
1167 449311
1402 454980
2294 522169
1850 223421
2298 231150
924 500285
3438 568540
1885 340784
3290 93209
2323 183058
710 151524
2023 226057
2070 300947
4055 433187
1585 492411
3402 284261
809 638377
2385 565924
944 452699
3296 768845
2390 740569
3194 100421
1886 996101
2123 872055
3530 835652
1661 378418
3644 424639
1333 668499
3818 63832
283 518423
2179 535889
2214 143878
1309 585485
3366 67957
754 897953
2790 118939
3598 703552
874 95112
724 611556
1468 746320
1038 793420
2065 786326
3774 986464
686 118704
48 127685
819 258136
3234 838474
1770 303407
1251 90154
254 257766
2079 753499
613 894217
2404 261011
2225 267935
2829 870023
3312 911110
2809 327010
1041 669102
1933 743303
3900 533315
3696 587909
2904 492269
2084 379617
3605 216621
566 288606
1862 52693
3513 532590
997 68555
239 405212
2053 443088
1049 509168
2998 80015
2324 219276
1504 322112
1103 22998
1983 635488
323 379002
2108 62107
428 693546
2773 599642
659 514088
2087 62625
2854 429380
2402 734570
1272 883988
1590 578928
3009 3605
2392 885909
763 581883
556 533912
3989 137330
19 338350
1447 73616
38 937875
2435 987663
281 739238
2900 392527
382 72560
2511 280333
1393 199799
3169 181830
1337 690976
546 559168
1959 201753
2264 891436
3548 462405
720 182262
731 563439
865 226837
3280 397686
876 328310
2489 657184
3371 113395
3426 5663
3793 694511
3249 707684
3718 769038
1236 953275
3268 281611
2434 156760
2602 65286
2721 16260
3382 412119
3879 219920
872 147269
2818 621910
2593 369574
3855 71079
3184 527185
3994 963448
3736 442081
2352 755345
924 357535
2850 562221
578 670163
1217 520136
2371 375279
2316 134401
956 297392
2041 749261
522 487970
1327 564482
1839 281992
1212 153882
325 877003
3707 866753
2471 83374
531 761098
1733 834464
2103 329669
3765 851776
2283 899612
2013 321813
2831 954268
2825 678159
1980 730796
3947 228237
4052 846377
2010 293868
1893 986014
1796 587378
2909 578736
3508 488189
2938 901570
3761 622917
45 354848
1591 946365
4022 435397
2881 277527
2646 50061
1912 144175
3384 987949
1810 447528
2081 917609
2439 933387
2830 920934
3737 846920
2519 358441
3653 309793
2504 270370
3098 156573
217 398795
2098 505925
1146 306064
1595 319435
1260 224886
3306 96423
1686 810672
3335 99380
2886 311356
1901 604306
1543 221920
2128 224417
1756 669802
801 293651
471 315594
1776 84033
284 812997
3863 248360
2595 950217
3732 425598
803 288825
881 552698
969 445404
2958 576686
3667 114998
464 595751
2769 389364
137 799038
3855 589042
1071 690518
317 988104
2920 744964
438 804531
4048 36518
3969 738560
2985 345649
598 534163
2869 203455
2405 536033
1551 343243
2803 306253
2012 927706
1651 403948
1328 892151
2384 494781
3674 565764
1207 906027
1207 251620
1357 27708
1944 228048
2280 493925
503 864383
1211 719156
2586 965529
1206 969047
4079 863907
841 13117
167 890291
1181 283172
918 347172
3694 903575
3136 205553
3106 88784
1604 477833
2055 534443
3842 758472
2643 658398
3783 741956
621 428942
3921 397678
1392 372175
663 788075
379 762977
3981 8088
2673 729363
2031 543125
3526 415095
962 512441
957 460041
2854 596790
1714 891958
3941 359352
3053 606549
1011 696461
3477 345525
287 22954
2125 406100
2186 264778
118 912107
1304 898232
1209 900739
2284 734128
1824 186615
1773 719260
1830 388335
61 595136
829 20672
833 417474
2805 678060
2354 443182
1781 873476
1156 101177
2133 792354
4088 40312
1805 423647
811 702956
1817 15518
2610 51591
2355 755413
3749 523750
1678 122886
1312 688559
2928 172883
2774 630596
1286 694498
670 813497
2379 772031
75 368305
2368 724624
3870 809219
3953 331663
1624 565236
2430 360985
284 58852
3222 141270
3323 913118
3964 75430
3851 300539
69 240166
2048 885052
2794 229199
1417 451705
2294 194395
220 495240
323 832435
3819 427655
3858 569856
1410 642867
1770 408982
3977 838391
534 341986
4059 601985
1221 119034
2103 324853
45 732937
3620 734364
3441 916093
1125 414431
983 56247
355 41597
1237 777664
313 596503
26 287014
811 784151
2139 107806
3537 391124
1247 300966
2325 227220
3563 708170
4014 973304
3756 791876
3577 3460
3810 871633
1088 85538
329 526611
2530 414965
2852 921010
822 928899
1183 320348
1608 264654
1636 840585
3339 153145
2493 313170
2307 646719
2742 431632
3732 395904
863 462652
1232 932389
804 497633
706 557238
3813 236386
1311 435825
2399 366394
528 238226
1329 484324
3223 114600
3408 941368
3349 889185
1498 306826
3267 991882
1951 639101
3712 171239
354 156973
1914 489882
3800 301161
2791 547811
2596 433028
3090 362158
2831 710758
1381 626714
2311 279311
2394 4755
931 54512
3562 893045
1118 813786
2308 926232
3464 814659
2018 810338
2921 485619
3650 791395
2184 860644
839 548914
1055 225296
2155 307670
3336 296963
3669 570986
2878 787369
949 384855
1617 455232
4014 535336
677 83092
1669 41866
3018 239852
3104 974974
4026 656963
355 976550
134 292694
2235 519460
1790 137528
1366 148692
3228 693335
1249 920789
245 325883
3520 122685
3341 322451
58 858610
66 821745
2131 927210
3076 626512
934 889670
3302 865848
3851 959439
3120 887098
1997 359876
2975 170832
287 708276
1474 117505
2711 737868
3207 561234
3654 227584
1898 890885
1897 984912
2869 226449
2970 319816
3426 822324
1258 517589
1618 387284
1203 304339
3802 797758
2740 553939
1132 880830
552 136111
3460 318901
342 880049
2867 36698
3341 359407
716 479348
201 596737
3823 519248
1618 756308
3943 518486
2842 981384
3418 358559
526 645833
321 68153
232 286868
2586 132537
3817 310699
1966 155672
981 357974
2195 42943
2052 227140
2513 776569
3210 609420
2745 731026
1443 202280
431 716610
3637 998127
490 590338
1904 169471
2946 177245
1714 136878
1772 987040
1677 508378
3916 95817
3474 535972
2014 394598
3715 449162
3309 806676
3711 124078
1031 486312
1646 589140
292 690429
308 361734
760 892316
572 382563
1336 100363
626 836698
2348 349251
1321 463185
1542 295016
1815 425055
3499 302293
2585 113204
2717 802230
4049 471848
2263 254725
2603 84962
301 528075
3012 997539
3241 263133
268 679192
3733 305824
3983 753556
4060 581077
805 831431
3854 61103
979 4345
3478 940561
3122 116188
3470 280930
461 354302
2938 256291
2643 656799
2350 766812
64 231954
355 752908
929 121408
3517 217617
3443 121625
2362 508971
806 600684
851 170306
327 148362
475 786494
1590 496157
2432 162599
2276 604402
3802 208243
357 80547
602 16742
1834 390421
2409 164221
684 628459
637 671688
3807 547892
1693 763667
3999 535448
2581 33945
2575 540635
3391 465629
3241 8109
2655 237508
1895 406038
2201 370899
3947 118458
1448 389102
1238 226469
140 912041
1220 544305
987 826495
1466 399259
2739 193436
361 439677
2506 592881
1786 898257
723 993118
3181 4264
2598 83479
458 733122
1374 788356
2765 396702
2732 834948
578 126751
3716 701486
2658 221167
676 22369
1700 235009
2892 552922
810 956223
586 898965
3750 141347
2459 213444
208 961970
2865 783261
605 711790
2065 712535
2722 962198
1185 792999
1481 917420
3418 135032
218 997042
1612 363380
112 776010
2690 891077
3655 551043
1227 863471
1972 463486
1919 686403
1521 504871
3369 746709
1337 357443
1899 877595
3250 90495
1076 271175
3235 551867
528 108071
1020 396974
2103 69304
3533 15983
1584 988089
2881 462960
1496 501815
161 286837
3172 284913
2551 607272
2662 559369
3676 811978
3582 679324
570 356114
2363 393079
1982 966260
3969 692516
2721 650649
1164 965998
715 90198
1158 572313
3622 591404
555 430086
2418 831210
3412 976846
1332 26627
3423 227494
180 788113
2780 281172
3861 427276
3132 920342
2244 2951
2952 277418
170 506906
1860 296371
3238 802631
3065 261825
1830 434349
3544 888376
1883 399483
798 565203
1322 621491
1441 668387
164 411409
1206 157635
3577 477837
273 364085
615 639071
712 509100
3465 862181
2409 40415
239 219633
1597 535000
2140 381879
1468 877941
4042 298116
1971 843575
1009 626871
2248 602557
3630 955657
3368 370737
2839 670449
189 27990
741 144774
912 562142
1663 721113
79 56451
4036 315988
1576 740809
2361 702623
3244 847625
1594 562395
4034 384956
1971 122412
1416 836178
1814 705167
499 295478
1649 78340
467 179761
1526 92513
2404 803505
70 970710
946 301573
85 269885
2862 810232
1732 121387
3033 776916
1588 642605
140 632278
1466 150876
266 269980
2483 239886
2569 361818
993 427442
2996 167617
2520 551364
3288 242215
3250 818598
3138 696633
3656 688707
3657 605496
2080 817512
1611 808582
2124 778123
1960 313028
197 674868
1292 718511
631 168634
126 787630
305 92333
3843 235411
2843 248386
1326 361922
132 423854
3313 892008
722 366729
1841 34413
1608 649453
2998 239843
3229 970778
3927 241884
2495 316321
859 453400
3055 655272
2124 505169
2007 599494
172 715489
3446 736027
2772 758194
902 62669
3175 52156
2449 78348
2420 119120
2183 177403
1015 496480
3806 95932
947 160683
565 329460
3773 144309
1691 291142
3787 356482
2861 340791
455 555729
2379 686182
3025 456474
1279 846616
3629 315886
551 791116
199 672093
2269 27047
3050 627499
2294 481406
1902 969779
3471 215183
3907 142070
2838 138207
3485 671743
3960 465585
2394 376635
171 504731
1986 912247
1080 802255
3947 141613
1362 356882
1337 652746
2818 470993
4083 590152
2481 554138
3959 248361
1901 124624
2574 388752
2313 542967
749 486599
988 899981
584 631778
995 63347
1233 810496
3814 228633
2744 721524
2603 82711
1905 944485
3797 392037
563 263965
2883 438369
3183 376181
3134 408187
418 251553
1858 31838
1346 371802
2457 630958
2576 827079
3104 905088
503 979826
1845 391634
992 178433
1125 316987
1299 298873
3646 837832
1598 493704
1896 736304
1128 579896
3117 130496
3368 216583
3299 190682
596 319075
1939 69384
234 894650
3161 212471
3493 823305
2786 593
919 771195
2449 135148
1867 280339
1613 847533
2044 350272
485 764971
1205 151017
2827 53037
2550 221980
3263 815971
1556 776408
1897 711280
236 335225
2972 13213
3174 3948
3732 894090
3726 391107
3759 982144
1632 176472
4037 568040
1170 114502
3524 711908
595 312813
2427 596264
3298 463402
4094 326647
3078 294374
2424 249741
3979 864306
3756 892910
162 982997
2257 58101
656 473160
3243 306400
1706 795299
2639 564938
535 654227
4091 756284
54 316960
3694 144274
3222 286106
104 102144
1185 287569
188 969984
3720 70783
1177 547325
3251 59763
1173 125613
3121 747612
410 594184
3483 305959
1919 616632
2366 574309
2789 787869
1798 891416
2727 170565
593 347454
850 608482
2246 830402
2472 181274
734 331537
638 161073
3427 362376
2108 73585
432 71841
3545 745198
404 627140
1538 36522
3260 500693
3313 372434
1407 251690
2306 787826
2703 638003
3671 643896
