557 615600
610 474614
899 127911
265 511869
688 201016
131 112907
527 404049
634 756375
920 475132
271 378118
43 655320
923 241262
776 777542
449 421836
243 547780
632 827435
1012 298100
918 732811
526 279400
635 128561
273 79121
414 980644
854 262792
624 632851
637 855090
589 924836
514 201914
81 596214
540 479180
210 806795
982 931412
80 204022
298 834961
625 358785
123 872744
848 942266
520 204016
249 51515
299 294941
995 701060
910 686090
311 452771
206 853058
515 288370
823 528053
633 544324
170 526673
333 226692
881 601212
682 648676
960 146380
619 982896
536 428582
167 91583
844 836449
263 684147
299 727121
289 271785
444 765350
543 33675
695 157279
489 421865
984 925277
265 509059
84 646537
799 697485
1010 681294
47 327966
1016 370870
1007 744280
914 153783
270 209061
439 392
575 495692
251 639362
456 404806
327 298770
467 227186
595 585628
706 373086
164 471274
74 556506
694 882063
987 83943
383 180290
313 862355
532 117695
526 544515
676 955958
451 412501
553 215214
403 670372
288 60683
636 732757
74 718404
276 638172
191 254640
600 478237
78 412276
19 296332
27 798016
797 152791
745 945642
902 213167
34 355948
637 488851
922 48020
408 365923
314 733574
487 468915
332 334763
476 994601
843 659863
119 622974
884 735526
950 12673
24 101809
791 662887
591 182357
632 650935
463 654607
295 387000
862 536159
280 971208
419 100015
101 636649
875 704089
397 753672
359 404342
830 984012
469 946991
661 720034
319 63396
481 375414
607 79030
795 12869
669 385430
264 553535
260 620047
307 308003
903 926786
915 441685
710 158041
237 901372
321 680700
138 339719
37 738728
974 877398
828 222948
493 844229
882 606895
352 553998
303 953171
244 967713
603 934275
278 887722
34 972837
115 426087
713 150462
69 424507
460 489532
43 750699
70 953441
988 485796
907 675471
1000 729941
398 960406
667 941172
254 913905
788 919735
605 481801
957 10104
352 790179
403 537332
282 573473
428 370420
222 624298
870 229670
288 981110
341 860355
107 659043
66 82633
569 13086
638 832892
768 217446
18 812559
651 480043
132 573422
596 579213
907 558743
691 391886
118 648806
26 834560
614 773047
948 563511
608 999487
558 948765
452 900016
675 409643
641 625463
919 441819
7 915300
64 619257
863 280952
332 709730
66 886022
233 574548
611 959544
953 887486
61 107238
837 605758
1002 590705
647 358364
514 392061
626 636887
826 875115
790 127879
658 781226
156 863730
353 793286
603 895651
247 368501
817 788966
88 315940
992 427956
981 344914
491 926415
237 976663
833 705313
811 635362
239 338521
988 24930
209 998223
660 860913
669 794236
538 740937
983 157714
302 927271
980 535176
535 19344
392 296716
529 174039
34 456525
723 865001
785 921156
351 676172
940 253711
141 650966
654 551998
364 401370
867 156346
38 238700
861 309227
571 820793
43 133377
375 74423
334 484335
85 157284
207 156324
393 113351
425 140439
264 795976
584 823363
481 554691
634 77813
345 821616
961 246839
244 976073
810 892691
315 912978
387 501031
1 199864
849 684491
487 933843
784 396987
684 34730
295 336778
282 194262
363 494830
728 523632
943 776025
200 913546
180 226353
129 935328
124 294332
929 81977
435 485488
732 422258
783 880173
245 166938
24 310637
158 226470
315 882784
395 296138
686 93343
848 859201
456 746528
581 999652
466 339093
261 991376
920 889752
444 192760
145 862109
944 700301
242 533295
280 625357
293 667437
171 417703
419 123056
975 396123
262 525492
631 612551
571 628383
311 496398
747 33899
818 713188
21 763060
705 912952
125 112342
951 25789
244 575379
186 810004
717 455980
896 899631
148 792195
887 459777
349 16063
223 489407
82 281420
746 465785
614 405573
484 315409
432 576062
107 306586
1023 711692
620 571251
686 814635
793 740266
89 293511
6 455461
908 923612
791 550479
214 586288
944 818743
403 255659
830 593937
918 746137
554 912020
80 551666
10 723388
431 977083
694 978899
538 487867
140 667283
545 434220
562 132272
835 845227
281 723161
207 45602
923 740778
178 23928
516 236555
750 749261
605 472149
770 152254
267 514577
642 214055
399 663558
567 603603
446 617225
315 593157
80 18812
432 8519
90 626608
947 845161
381 501278
278 671098
583 259688
371 568710
508 302308
63 57236
33 754975
1005 472904
819 525997
256 135618
340 718699
703 391210
945 501015
552 783760
818 813537
118 237862
639 270248
1012 98792
311 865697
135 975929
157 199257
139 859500
695 318634
900 27252
887 843580
309 804625
697 578180
458 361112
661 899663
903 169187
817 949355
791 792424
201 557378
686 401532
556 745113
478 778301
428 997151
874 526519
965 875766
230 966074
366 476030
913 163131
820 841564
304 146269
946 409912
862 616425
447 687337
762 259189
736 539077
288 182273
761 68687
211 652938
242 146909
716 959415
576 150156
895 768806
334 837104
83 264079
118 69874
357 908513
799 32003
469 72782
977 691388
606 64993
228 650326
661 31687
495 247857
282 759591
239 407684
186 995834
543 613456
776 110980
240 502312
591 854582
637 31012
401 849246
74 288663
654 725268
660 226369
854 3019
107 918735
225 415451
929 427722
992 945695
757 665243
800 828977
1002 741376
821 549160
208 832810
62 379653
900 403213
219 817367
862 715674
50 93182
949 175333
866 100899
322 165168
830 146458
743 427379
528 702509
402 638746
67 475126
202 961371
706 890269
952 695909
934 682420
360 832296
105 438733
793 833116
662 295869
653 846516
174 935294
622 41093
497 705772
301 298997
922 815979
200 581542
418 93478
738 603005
613 631774
696 459859
474 547959
396 572582
380 874392
541 678499
789 942786
764 325652
43 133333
870 859742
963 691265
981 353610
586 503095
745 450363
645 183175
633 761386
863 333348
261 591491
920 345137
971 870860
418 369172
281 579324
422 548526
206 100231
520 351734
19 259079
21 301225
480 669843
989 236895
772 79032
753 114878
904 552212
975 722708
670 743417
542 418400
312 197886
39 418016
505 194408
146 939632
130 661515
159 359392
804 551912
155 982944
622 732430
771 689581
580 308242
398 444243
322 861152
504 608532
738 853165
694 505583
354 96477
232 248867
371 625065
178 656562
335 970902
544 765423
162 965920
811 808849
652 64714
281 51083
114 95899
449 225223
575 476403
351 199974
62 456423
1017 418483
67 819001
928 908721
223 704538
722 396543
785 195190
379 271935
576 20955
644 616195
64 845251
162 160293
815 844224
519 31518
148 46202
614 996474
785 803432
442 632570
358 443139
727 537704
218 780271
1023 867586
425 732125
427 292994
923 218702
1016 549128
388 576887
81 459085
978 642624
624 500919
165 805808
466 545117
290 811967
926 184906
886 244639
874 734668
513 847337
621 575099
56 272076
406 594523
158 49516
1007 225089
143 697329
519 340663
482 705798
1008 439904
991 30986
119 349377
279 220176
523 168840
447 888188
8 355539
448 100372
662 896233
435 418873
1020 55618
559 879722
14 518872
857 773679
926 234297
745 908651
798 106219
565 703527
892 563418
720 91045
75 993225
535 12021
1023 700739
931 36496
892 712884
468 271682
1012 17530
466 894227
929 383722
530 285972
822 948877
748 284105
553 380516
629 120162
1017 304000
878 344413
626 98533
1002 546977
996 109791
698 119491
966 272964
649 569384
986 826001
516 930023
17 940815
858 234058
31 916923
998 146223
346 241189
91 408109
307 156978
842 381653
272 467103
202 838025
1024 496069
182 501468
148 651926
1012 126214
642 446896
620 643044
952 522052
526 288206
1020 827576
436 677374
335 610783
58 664522
263 279792
356 200802
308 87982
744 182854
80 508474
602 950530
198 854738
122 288153
504 717073
395 883155
852 509267
758 482194
588 259002
769 721098
647 554115
685 463546
185 978285
95 623983
718 648236
303 554101
960 396646
849 798090
97 289536
636 338235
148 93253
883 427923
922 152383
951 472054
553 506498
72 370463
160 93045
768 906565
713 476360
462 296555
495 529911
353 600718
610 974838
54 271100
671 594528
682 462808
727 295795
893 246243
891 403440
220 499339
964 567483
485 79854
715 665777
599 873914
694 640543
571 577629
1023 33439
78 613811
67 982982
982 945685
748 102780
448 846440
306 854714
896 481445
432 584830
237 57313
47 540513
842 138942
735 114656
645 282385
863 710461
818 18442
172 746559
474 550131
146 901157
989 623098
418 69432
879 142074
52 32745
273 774696
563 249398
917 272484
121 72338
154 764577
197 229122
527 250709
173 632710
252 982970
5 818532
1012 172372
773 942019
381 189418
651 831072
920 365863
48 886245
755 795604
204 404340
2 633494
840 895415
320 959248
495 428740
990 187015
607 923561
135 734140
370 904939
296 95860
1009 677121
393 637862
1023 648241
795 905505
662 934405
930 800709
894 215187
544 567311
503 26637
845 966002
407 574483
63 177218
935 675288
249 524907
609 639860
312 567710
569 670359
475 822847
3 730714
554 781875
508 105523
743 293987
845 449842
617 66773
847 320795
562 894256
182 821328
840 455009
717 664762
698 367974
295 529860
677 483757
81 868709
463 488696
737 90755
344 935596
792 807621
127 272754
326 196933
588 604562
120 948104
908 378986
787 17951
208 795984
393 369277
855 945481
361 29642
800 71718
797 706371
612 200313
893 927784
425 243275
478 245526
641 114851
108 29206
99 279237
694 116442
625 154384
748 819362
440 27260
816 49532
685 626169
646 393774
155 621629
370 934760
171 556140
983 584377
100 188239
720 708755
408 972828
204 80213
478 973735
811 107898
935 523956
818 601346
258 233857
363 819779
191 220142
967 96507
922 760524
149 805559
214 309868
862 399409
79 136872
371 163960
4 794861
956 175031
292 722856
832 700615
918 676761
1019 468393
15 72524
276 956606
595 118445
478 948907
39 954002
148 267021
333 372963
458 641901
845 291067
974 532776
928 930485
670 603772
202 350999
253 380244
647 205165
100 382050
124 50519
901 962498
446 695586
462 824547
111 84889
180 87434
707 735242
962 918045
75 457626
136 245541
959 35051
1001 586331
709 730020
698 78943
358 846792
29 375588
737 225223
824 157919
375 87122
720 833240
852 107206
348 18028
422 804110
208 841679
705 11720
432 714994
796 446696
728 594400
47 832729
95 833460
145 432175
786 232567
564 442890
277 38700
280 885007
819 779264
297 452166
900 46561
542 725367
141 798716
350 974141
469 210794
615 300300
579 436844
94 410385
65 882034
455 992404
966 711669
289 805988
995 764785
664 898152
6 681596
845 404475
729 435578
256 815947
522 123739
77 713368
600 558974
274 137444
543 479215
122 709159
207 126144
561 507458
122 961262
401 854647
637 92701
682 646730
611 965757
628 944926
467 332376
634 955552
412 507031
894 24031
37 474930
888 335782
311 95558
771 62459
944 417860
887 452838
955 491729
54 227674
555 824628
288 271471
343 480684
963 672548
456 382419
79 674471
558 910916
945 21846
971 269876
939 714699
750 886799
126 799019
284 264249
713 809381
646 814661
184 278442
534 539791
968 577905
113 199961
861 614967
204 500235
16 521909
1004 34321
669 726062
63 966419
172 638550
906 421268
619 165304
606 371716
471 398339
85 749343
513 61664
915 374660
569 339703
55 38620
739 216817
46 798302
93 782336
989 839470
174 118977
214 470146
625 750950
950 792738
934 843050
431 768149
387 109065
679 472145
580 386925
812 750135
590 855456
576 784691
645 174943
685 49947
272 570381
261 977687
635 780976
766 596939
928 908759
365 304941
93 812166
960 414534
705 235827
167 170191
368 588828
475 923230
957 803806
